0.000000000000
100.100100100100
200.200200200200
300.300300300300
400.400400400400
500.500500500501
600.600600600601
700.700700700701
800.800800800801
900.900900900901
1001.001001001001
1101.101101101101
1201.201201201201
1301.301301301301
1401.401401401401
1501.501501501502
1601.601601601602
1701.701701701702
1801.801801801802
1901.901901901902
2002.002002002002
2102.102102102102
2202.202202202202
2302.302302302302
2402.402402402402
2502.502502502502
2602.602602602603
2702.702702702703
2802.802802802803
2902.902902902903
3003.003003003003
3103.103103103103
3203.203203203203
3303.303303303303
3403.403403403403
3503.503503503504
3603.603603603604
3703.703703703704
3803.803803803804
3903.903903903904
4004.004004004004
4104.104104104104
4204.204204204205
4304.304304304304
4404.404404404405
4504.504504504504
4604.604604604605
4704.704704704705
4804.804804804805
4904.904904904905
5005.005005005005
5105.105105105105
5205.205205205206
5305.305305305305
5405.405405405406
5505.505505505506
5605.605605605606
5705.705705705706
5805.805805805806
5905.905905905906
6006.006006006007
6106.106106106106
6206.206206206207
6306.306306306306
6406.406406406407
6506.506506506507
6606.606606606607
6706.706706706707
6806.806806806807
6906.906906906907
7007.007007007008
7107.107107107107
7207.207207207208
7307.307307307307
7407.407407407408
7507.507507507508
7607.607607607608
7707.707707707708
7807.807807807809
7907.907907907908
8008.008008008009
8108.108108108108
8208.208208208209
8308.308308308309
8408.408408408410
8508.508508508508
8608.608608608609
8708.708708708709
8808.808808808810
8908.908908908910
9009.009009009009
9109.109109109109
9209.209209209210
9309.309309309310
9409.409409409411
9509.509509509509
9609.609609609610
9709.709709709710
9809.809809809811
9909.909909909911
10010.010010010010
10110.110110110110
10210.210210210211
10310.310310310311
10410.410410410412
10510.510510510510
10610.610610610611
10710.710710710711
10810.810810810812
10910.910910910912
11011.011011011013
11111.111111111111
11211.211211211212
11311.311311311312
11411.411411411413
11511.511511511513
11611.611611611612
11711.711711711712
11811.811811811813
11911.911911911913
12012.012012012014
12112.112112112112
12212.212212212213
12312.312312312313
12412.412412412414
12512.512512512514
12612.612612612613
12712.712712712713
12812.812812812814
12912.912912912914
13013.013013013015
13113.113113113113
13213.213213213214
13313.313313313314
13413.413413413415
13513.513513513515
13613.613613613614
13713.713713713714
13813.813813813815
13913.913913913915
14014.014014014016
14114.114114114114
14214.214214214215
14314.314314314315
14414.414414414416
14514.514514514516
14614.614614614615
14714.714714714715
14814.814814814816
14914.914914914916
15015.015015015017
15115.115115115117
15215.215215215216
15315.315315315316
15415.415415415417
15515.515515515517
15615.615615615618
15715.715715715716
15815.815815815817
15915.915915915917
16016.016016016018
16116.116116116118
16216.216216216217
16316.316316316317
16416.416416416418
16516.516516516516
16616.616616616619
16716.716716716717
16816.816816816819
16916.916916916918
17017.017017017017
17117.117117117119
17217.217217217218
17317.317317317320
17417.417417417419
17517.517517517517
17617.617617617620
17717.717717717718
17817.817817817820
17917.917917917919
18018.018018018018
18118.118118118120
18218.218218218219
18318.318318318321
18418.418418418420
18518.518518518518
18618.618618618621
18718.718718718719
18818.818818818821
18918.918918918920
19019.019019019019
19119.119119119121
19219.219219219220
19319.319319319322
19419.419419419421
19519.519519519519
19619.619619619622
19719.719719719720
19819.819819819822
19919.919919919921
20020.020020020020
20120.120120120122
20220.220220220221
20320.320320320323
20420.420420420422
20520.520520520520
20620.620620620623
20720.720720720721
20820.820820820823
20920.920920920922
21021.021021021021
21121.121121121123
21221.221221221222
21321.321321321324
21421.421421421423
21521.521521521525
21621.621621621623
21721.721721721722
21821.821821821824
21921.921921921923
22022.022022022025
22122.122122122124
22222.222222222223
22322.322322322325
22422.422422422424
22522.522522522526
22622.622622622624
22722.722722722723
22822.822822822825
22922.922922922924
23023.023023023026
23123.123123123125
23223.223223223224
23323.323323323326
23423.423423423425
23523.523523523527
23623.623623623625
23723.723723723724
23823.823823823826
23923.923923923925
24024.024024024027
24124.124124124126
24224.224224224225
24324.324324324327
24424.424424424426
24524.524524524528
24624.624624624626
24724.724724724725
24824.824824824827
24924.924924924926
25025.025025025028
25125.125125125127
25225.225225225226
25325.325325325328
25425.425425425427
25525.525525525529
25625.625625625627
25725.725725725726
25825.825825825828
25925.925925925927
26026.026026026029
26126.126126126128
26226.226226226227
26326.326326326329
26426.426426426427
26526.526526526530
26626.626626626628
26726.726726726727
26826.826826826829
26926.926926926928
27027.027027027030
27127.127127127129
27227.227227227228
27327.327327327330
27427.427427427428
27527.527527527531
27627.627627627629
27727.727727727728
27827.827827827830
27927.927927927929
28028.028028028031
28128.128128128130
28228.228228228229
28328.328328328331
28428.428428428429
28528.528528528532
28628.628628628630
28728.728728728729
28828.828828828831
28928.928928928930
29029.029029029032
29129.129129129131
29229.229229229230
29329.329329329332
29429.429429429430
29529.529529529533
29629.629629629631
29729.729729729730
29829.829829829832
29929.929929929931
30030.030030030033
30130.130130130132
30230.230230230234
30330.330330330333
30430.430430430431
30530.530530530534
30630.630630630632
30730.730730730735
30830.830830830833
30930.930930930932
31031.031031031034
31131.131131131133
31231.231231231235
31331.331331331334
31431.431431431432
31531.531531531535
31631.631631631633
31731.731731731736
31831.831831831834
31931.931931931933
32032.032032032035
32132.132132132134
32232.232232232236
32332.332332332335
32432.432432432433
32532.532532532536
32632.632632632634
32732.732732732737
32832.832832832835
32932.932932932934
33033.033033033033
33133.133133133138
33233.233233233237
33333.333333333336
33433.433433433434
33533.533533533533
33633.633633633639
33733.733733733738
33833.833833833836
33933.933933933935
34034.034034034034
34134.134134134139
34234.234234234238
34334.334334334337
34434.434434434435
34534.534534534534
34634.634634634640
34734.734734734739
34834.834834834837
34934.934934934936
35035.035035035035
35135.135135135140
35235.235235235239
35335.335335335338
35435.435435435436
35535.535535535535
35635.635635635641
35735.735735735740
35835.835835835838
35935.935935935937
36036.036036036036
36136.136136136141
36236.236236236240
36336.336336336339
36436.436436436437
36536.536536536536
36636.636636636642
36736.736736736741
36836.836836836839
36936.936936936938
37037.037037037036
37137.137137137142
37237.237237237241
37337.337337337340
37437.437437437438
37537.537537537537
37637.637637637643
37737.737737737742
37837.837837837840
37937.937937937939
38038.038038038037
38138.138138138143
38238.238238238242
38338.338338338341
38438.438438438439
38538.538538538538
38638.638638638644
38738.738738738743
38838.838838838841
38938.938938938940
39039.039039039038
39139.139139139144
39239.239239239243
39339.339339339342
39439.439439439440
39539.539539539539
39639.639639639645
39739.739739739744
39839.839839839842
39939.939939939941
40040.040040040039
40140.140140140145
40240.240240240244
40340.340340340343
40440.440440440441
40540.540540540540
40640.640640640646
40740.740740740745
40840.840840840843
40940.940940940942
41041.041041041040
41141.141141141146
41241.241241241245
41341.341341341344
41441.441441441442
41541.541541541541
41641.641641641647
41741.741741741745
41841.841841841844
41941.941941941943
42042.042042042041
42142.142142142147
42242.242242242246
42342.342342342345
42442.442442442443
42542.542542542542
42642.642642642648
42742.742742742746
42842.842842842845
42942.942942942944
43043.043043043050
43143.143143143148
43243.243243243247
43343.343343343346
43443.443443443444
43543.543543543550
43643.643643643649
43743.743743743747
43843.843843843846
43943.943943943945
44044.044044044051
44144.144144144149
44244.244244244248
44344.344344344347
44444.444444444445
44544.544544544551
44644.644644644650
44744.744744744748
44844.844844844847
44944.944944944946
45045.045045045052
45145.145145145150
45245.245245245249
45345.345345345348
45445.445445445446
45545.545545545552
45645.645645645651
45745.745745745749
45845.845845845848
45945.945945945947
46046.046046046053
46146.146146146151
46246.246246246250
46346.346346346349
46446.446446446447
46546.546546546553
46646.646646646652
46746.746746746750
46846.846846846849
46946.946946946948
47047.047047047054
47147.147147147152
47247.247247247251
47347.347347347350
47447.447447447448
47547.547547547554
47647.647647647653
47747.747747747751
47847.847847847850
47947.947947947949
48048.048048048055
48148.148148148153
48248.248248248252
48348.348348348351
48448.448448448449
48548.548548548555
48648.648648648654
48748.748748748752
48848.848848848851
48948.948948948950
49049.049049049056
49149.149149149154
49249.249249249253
49349.349349349352
49449.449449449450
49549.549549549556
49649.649649649655
49749.749749749753
49849.849849849852
49949.949949949951
50050.050050050057
50150.150150150155
50250.250250250254
50350.350350350353
50450.450450450451
50550.550550550557
50650.650650650656
50750.750750750754
50850.850850850853
50950.950950950952
51051.051051051058
51151.151151151156
51251.251251251255
51351.351351351354
51451.451451451452
51551.551551551558
51651.651651651657
51751.751751751755
51851.851851851854
51951.951951951953
52052.052052052059
52152.152152152157
52252.252252252256
52352.352352352355
52452.452452452453
52552.552552552559
52652.652652652658
52752.752752752756
52852.852852852855
52952.952952952954
53053.053053053060
53153.153153153158
53253.253253253257
53353.353353353355
53453.453453453454
53553.553553553560
53653.653653653659
53753.753753753757
53853.853853853856
53953.953953953955
54054.054054054061
54154.154154154159
54254.254254254258
54354.354354354356
54454.454454454455
54554.554554554561
54654.654654654660
54754.754754754758
54854.854854854857
54954.954954954956
55055.055055055062
55155.155155155160
55255.255255255259
55355.355355355357
55455.455455455456
55555.555555555562
55655.655655655661
55755.755755755759
55855.855855855858
55955.955955955957
56056.056056056063
56156.156156156161
56256.256256256260
56356.356356356358
56456.456456456457
56556.556556556563
56656.656656656662
56756.756756756760
56856.856856856859
56956.956956956958
57057.057057057064
57157.157157157162
57257.257257257261
57357.357357357359
57457.457457457458
57557.557557557564
57657.657657657663
57757.757757757761
57857.857857857860
57957.957957957959
58058.058058058064
58158.158158158163
58258.258258258262
58358.358358358360
58458.458458458459
58558.558558558565
58658.658658658664
58758.758758758762
58858.858858858861
58958.958958958960
59059.059059059065
59159.159159159164
59259.259259259263
59359.359359359361
59459.459459459460
59559.559559559566
59659.659659659665
59759.759759759763
59859.859859859862
59959.959959959968
60060.060060060066
60160.160160160165
60260.260260260264
60360.360360360362
60460.460460460468
60560.560560560567
60660.660660660666
60760.760760760764
60860.860860860863
60960.960960960969
61061.061061061067
61161.161161161166
61261.261261261265
61361.361361361363
61461.461461461469
61561.561561561568
61661.661661661667
61761.761761761765
61861.861861861864
61961.961961961970
62062.062062062068
62162.162162162167
62262.262262262266
62362.362362362364
62462.462462462470
62562.562562562569
62662.662662662668
62762.762762762766
62862.862862862865
62962.962962962971
63063.063063063069
63163.163163163168
63263.263263263267
63363.363363363365
63463.463463463471
63563.563563563570
63663.663663663669
63763.763763763767
63863.863863863866
63963.963963963972
64064.064064064070
64164.164164164169
64264.264264264268
64364.364364364366
64464.464464464472
64564.564564564571
64664.664664664670
64764.764764764768
64864.864864864867
64964.964964964973
65065.065065065071
65165.165165165170
65265.265265265269
65365.365365365367
65465.465465465473
65565.565565565572
65665.665665665671
65765.765765765769
65865.865865865868
65965.965965965966
66066.066066066065
66166.166166166164
66266.266266266277
66366.366366366376
66466.466466466474
66566.566566566573
66666.666666666672
66766.766766766770
66866.866866866869
66966.966966966967
67067.067067067066
67167.167167167165
67267.267267267278
67367.367367367377
67467.467467467475
67567.567567567574
67667.667667667673
67767.767767767771
67867.867867867870
67967.967967967968
68068.068068068067
68168.168168168166
68268.268268268279
68368.368368368378
68468.468468468476
68568.568568568575
68668.668668668673
68768.768768768772
68868.868868868871
68968.968968968969
69069.069069069068
69169.169169169181
69269.269269269280
69369.369369369379
69469.469469469477
69569.569569569576
69669.669669669674
69769.769769769773
69869.869869869872
69969.969969969970
70070.070070070069
70170.170170170182
70270.270270270281
70370.370370370380
70470.470470470478
70570.570570570577
70670.670670670675
70770.770770770774
70870.870870870873
70970.970970970971
71071.071071071070
71171.171171171183
71271.271271271282
71371.371371371381
71471.471471471479
71571.571571571578
71671.671671671676
71771.771771771775
71871.871871871874
71971.971971971972
72072.072072072071
72172.172172172184
72272.272272272283
72372.372372372382
72472.472472472480
72572.572572572579
72672.672672672677
72772.772772772776
72872.872872872875
72972.972972972973
73073.073073073072
73173.173173173185
73273.273273273284
73373.373373373382
73473.473473473481
73573.573573573580
73673.673673673678
73773.773773773777
73873.873873873876
73973.973973973974
74074.074074074073
74174.174174174186
74274.274274274285
74374.374374374383
74474.474474474482
74574.574574574581
74674.674674674679
74774.774774774778
74874.874874874877
74974.974974974975
75075.075075075074
75175.175175175187
75275.275275275286
75375.375375375384
75475.475475475483
75575.575575575582
75675.675675675680
75775.775775775779
75875.875875875878
75975.975975975976
76076.076076076075
76176.176176176188
76276.276276276287
76376.376376376385
76476.476476476484
76576.576576576583
76676.676676676681
76776.776776776780
76876.876876876879
76976.976976976977
77077.077077077076
77177.177177177189
77277.277277277288
77377.377377377386
77477.477477477485
77577.577577577584
77677.677677677682
77777.777777777781
77877.877877877880
77977.977977977978
78078.078078078077
78178.178178178190
78278.278278278289
78378.378378378387
78478.478478478486
78578.578578578585
78678.678678678683
78778.778778778782
78878.878878878881
78978.978978978979
79079.079079079078
79179.179179179191
79279.279279279290
79379.379379379388
79479.479479479487
79579.579579579586
79679.679679679684
79779.779779779783
79879.879879879882
79979.979979979980
80080.080080080079
80180.180180180192
80280.280280280291
80380.380380380389
80480.480480480488
80580.580580580587
80680.680680680685
80780.780780780784
80880.880880880883
80980.980980980981
81081.081081081080
81181.181181181193
81281.281281281292
81381.381381381390
81481.481481481489
81581.581581581588
81681.681681681686
81781.781781781785
81881.881881881884
81981.981981981982
82082.082082082081
82182.182182182194
82282.282282282293
82382.382382382391
82482.482482482490
82582.582582582589
82682.682682682687
82782.782782782786
82882.882882882885
82982.982982982983
83083.083083083082
83183.183183183195
83283.283283283294
83383.383383383392
83483.483483483491
83583.583583583590
83683.683683683688
83783.783783783787
83883.883883883886
83983.983983983984
84084.084084084083
84184.184184184196
84284.284284284295
84384.384384384393
84484.484484484492
84584.584584584591
84684.684684684689
84784.784784784788
84884.884884884887
84984.984984984985
85085.085085085084
85185.185185185197
85285.285285285296
85385.385385385394
85485.485485485493
85585.585585585592
85685.685685685690
85785.785785785789
85885.885885885888
85985.985985985986
86086.086086086099
86186.186186186198
86286.286286286297
86386.386386386395
86486.486486486494
86586.586586586593
86686.686686686691
86786.786786786790
86886.886886886889
86986.986986986987
87087.087087087100
87187.187187187199
87287.287287287298
87387.387387387396
87487.487487487495
87587.587587587594
87687.687687687692
87787.787787787791
87887.887887887890
87987.987987987988
88088.088088088101
88188.188188188200
88288.288288288299
88388.388388388397
88488.488488488496
88588.588588588595
88688.688688688693
88788.788788788792
88888.888888888891
88988.988988988989
89089.089089089102
89189.189189189201
89289.289289289300
89389.389389389398
89489.489489489497
89589.589589589596
89689.689689689694
89789.789789789793
89889.889889889891
89989.989989989990
90090.090090090103
90190.190190190202
90290.290290290301
90390.390390390399
90490.490490490498
90590.590590590597
90690.690690690695
90790.790790790794
90890.890890890892
90990.990990990991
91091.091091091104
91191.191191191203
91291.291291291302
91391.391391391400
91491.491491491499
91591.591591591598
91691.691691691696
91791.791791791795
91891.891891891893
91991.991991991992
92092.092092092105
92192.192192192204
92292.292292292303
92392.392392392401
92492.492492492500
92592.592592592599
92692.692692692697
92792.792792792796
92892.892892892894
92992.992992992993
93093.093093093106
93193.193193193205
93293.293293293304
93393.393393393402
93493.493493493501
93593.593593593600
93693.693693693698
93793.793793793797
93893.893893893895
93993.993993993994
94094.094094094107
94194.194194194206
94294.294294294305
94394.394394394403
94494.494494494502
94594.594594594600
94694.694694694699
94794.794794794798
94894.894894894896
94994.994994994995
95095.095095095108
95195.195195195207
95295.295295295306
95395.395395395404
95495.495495495503
95595.595595595601
95695.695695695700
95795.795795795799
95895.895895895897
95995.995995995996
96096.096096096109
96196.196196196208
96296.296296296307
96396.396396396405
96496.496496496504
96596.596596596602
96696.696696696701
96796.796796796800
96896.896896896898
96996.996996996997
97097.097097097110
97197.197197197209
97297.297297297308
97397.397397397406
97497.497497497505
97597.597597597603
97697.697697697702
97797.797797797801
97897.897897897899
97997.997997997998
98098.098098098111
98198.198198198210
98298.298298298309
98398.398398398407
98498.498498498506
98598.598598598604
98698.698698698703
98798.798798798802
98898.898898898900
98998.998998998999
99099.099099099112
99199.199199199211
99299.299299299309
99399.399399399408
99499.499499499507
99599.599599599605
99699.699699699704
99799.799799799803
99899.899899899901
100000.000000000000