0.000000000000
10.005003753128
14.149211999267
17.329174830335
20.010007506255
22.371868507134
24.507154069794
26.470751797044
28.298423998534
30.015011259383
31.638599858417
33.182843475222
34.658349660669
36.073554043112
37.435296197591
38.749212914606
40.020015012511
41.251687258847
42.447635997801
43.610800289629
44.743737014268
45.848687027025
46.927627280763
47.982312390112
49.014308139587
50.025018765639
51.015709370767
51.987524491004
52.941503594088
53.878594106592
54.799662435119
55.705503346645
56.596847997068
57.474370838690
58.338695592235
59.190400433715
60.030022518766
60.858061945018
61.674985235538
62.481228412251
63.277199716833
64.063282027259
64.839835010618
65.607197046546
66.365686950445
67.115605521402
67.857236936119
68.590850007160
69.316699321338
70.035026271894
70.746059996335
71.450018230264
72.147108086223
72.837526765434
73.521462209381
74.199093697332
74.870592395183
75.536121860377
76.195838507138
76.849892035747
77.498425829213
78.141577320311
78.779478331646
79.412255391132
80.040030025022
80.662919030410
81.281034728937
81.894485203258
82.503374517694
83.107802924316
83.707867055654
84.303660105046
84.895271995602
85.482789538639
86.066296582387
86.645874151673
87.221600579258
87.793551629420
88.361800614337
88.926418503771
89.487474028537
90.045033778150
90.599162293082
91.149922151960
91.697374054050
92.241576897343
92.782587852509
93.320462432999
93.855254561526
94.387016633163
94.915799575250
95.441652904322
95.964624780224
96.484762057588
97.002110334824
97.516714000778
98.028616279174
98.537859270991
99.044483994869
99.548530425667
100.050037531277
100.549043307781
101.045584813045
101.539698198834
102.031418741535
102.520780871541
103.007818201390
103.492563552705
103.975048982007
104.455305805454
104.933364622559
105.409255338946
105.883007188175
106.354648752705
106.824207984012
107.291712221921
107.757188213184
108.220662129335
108.682159583861
109.141705648720
109.599324870238
110.055041284405
110.508878431609
110.960859370826
111.411006693290
111.859342535671
112.305888592774
112.750666129796
113.193695994136
113.634998626800
114.074594073409
114.512501994818
114.948741677381
115.383332042862
115.816291658011
116.247638743819
116.677391184469
117.105566535984
117.532182034598
117.957254604852
118.380800867430
118.802837146737
119.223379478248
119.642443615610
120.060045037533
120.476198954460
120.890920315029
121.304223812342
121.716123890037
122.126634748178
122.535770348968
122.943544422288
123.349970471076
123.755061776540
124.158831403229
124.561292203941
124.962456824502
125.362337708403
125.760947101299
126.158297055390
126.554399433667
126.949265914050
127.342907993403
127.735336991438
128.126564054518
128.516600159343
128.905456116553
129.293142574217
129.679670021237
130.065048790661
130.449289062904
130.832400868887
131.214394093092
131.595278476537
131.975063619676
132.353758985219
132.731373900889
133.107917562096
133.483399034553
133.857827256825
134.231211042805
134.603559084142
134.974879952598
135.345182102350
135.714473872238
136.082763487954
136.450059064181
136.816368606679
137.181700014320
137.546061081075
137.909459497958
138.271902854915
138.633398642676
138.993954254562
139.353576988247
139.712274047485
140.070052543788
140.426919498078
140.782881842289
141.137946420939
141.492119992670
141.845409231741
142.197820729504
142.549360995833
142.900036460529
143.249853474691
143.598818312062
143.946937170336
144.294216172447
144.640661367822
144.986278733613
145.331074175901
145.675053530868
146.018222565957
146.360586980995
146.702152409300
147.042924418762
147.382908512900
147.722110131902
148.060534653641
148.398187394665
148.735073611177
149.071198499986
149.406567199445
149.741184790366
150.075056296916
150.408186687503
150.740580875631
151.072243720754
151.403180029096
151.733394554472
152.062891999078
152.391677014275
152.719754201358
153.047128112302
153.373803250501
153.699784071493
154.025074983665
154.349680348953
154.673604483519
154.996851658426
155.319426100292
155.641331991937
155.962573473011
156.283154640622
156.603079549939
156.922352214796
157.240976608277
157.558956663291
157.876296273142
158.192999292083
158.509069535863
158.824510782263
159.139326771623
159.453521207358
159.767097756470
160.080060050044
160.392411683738
160.704156218269
161.015297179883
161.325838060820
161.635782319776
161.945133382347
162.253894641473
162.562069457873
162.869661160471
163.176673046813
163.483108383486
163.788970406517
164.094262321773
164.398987305357
164.703148503989
165.006749035387
165.309791988640
165.612280424573
165.914217376111
166.215605848632
166.516448820312
166.816749242478
167.116510039936
167.415734111308
167.714424329359
168.012583541318
168.310214569195
168.607320210092
168.903903236511
169.199966396653
169.495512414721
169.790543991204
170.085063803172
170.379074504556
170.672578726429
170.965579077279
171.258078143279
171.550078488555
171.841582655449
172.132593164774
172.423112516071
172.713143187859
173.002687637880
173.291748303345
173.580327601172
173.868427928219
174.156051661521
174.443201158516
174.729878757271
175.016086776704
175.301827516802
175.587103258841
175.871916265591
176.156268781531
176.440163033055
176.723601228674
177.006585559214
177.289118198020
177.571201301144
177.852837007543
178.134027439262
178.414774701626
178.695080883420
178.974948057073
179.254378278836
179.533373588958
179.811936011857
180.090067556299
180.367770215559
180.645045967590
180.921896775191
181.198324586164
181.474331333478
181.749918935424
182.025089295770
182.299844303919
182.574185835055
182.848115750295
183.121635896836
183.394748108101
183.667454203878
183.939755990471
184.211655260827
184.483153794687
184.754253358709
185.024955706613
185.295262579307
185.565175705019
185.834696799426
186.103827565783
186.372569695046
186.640924865997
186.908894745368
187.176480987957
187.443685236754
187.710509123052
187.976954266568
188.243022275556
188.508714746920
188.774033266325
189.038979408311
189.303554736396
189.567760803191
189.831599150500
190.095071309427
190.358178800482
190.620923133680
190.883305808644
191.145328314705
191.406992131000
191.668298726568
191.929249560448
192.189846081776
192.450089729875
192.709981934349
192.969524115175
193.228717682795
193.487564038202
193.746064573032
194.004220669648
194.262033701230
194.519505031855
194.776636016587
195.033428001556
195.289882324042
195.546000312556
195.801783286921
196.057232558349
196.312349429521
196.567135194667
196.821591139638
197.075718541983
197.329518671026
197.582992787940
197.836142145815
198.088967989737
198.341471556857
198.593654076457
198.845516770028
199.097060851334
199.348287526479
199.599197993980
199.849793444827
200.100075062555
200.350044023305
200.599701495890
200.849048641860
201.098086615563
201.346816564207
201.595239627925
201.843356939833
202.091169626089
202.338678805959
202.585885591867
202.832791089462
203.079396397668
203.325702608749
203.571710808357
203.817422075596
204.062837483070
204.307958096942
204.552784976988
204.797319176648
205.041561743082
205.285513717218
205.529176133809
205.772550021480
206.015636402780
206.258436294234
206.500950706389
206.743180643867
206.985127105410
207.226791083930
207.468173566557
207.709275534684
207.950097964015
208.190641824611
208.430908080936
208.670897691900
208.910611610908
209.150050785898
209.389216159390
209.628108668527
209.866729245119
210.105078815682
210.343158301487
210.580968618592
210.818510677892
211.055785385155
211.292793641063
211.529536341251
211.766014376351
212.002228632024
212.238179989004
212.473869323136
212.709297505411
212.944465402004
213.179373874316
213.414023779005
213.648415968024
213.882551288659
214.116430583563
214.350054690793
214.583424443842
214.816540671677
215.049404198771
215.282015845138
215.514376426368
215.746486753659
215.978347633847
216.209959869444
216.441324258670
216.672441595481
216.903312669602
217.133938266562
217.364319167722
217.594456150306
217.824349987432
218.054001448145
218.283411297441
218.512580296302
218.741509201724
218.970198766745
219.198649740476
219.426862868128
219.654838891039
219.882578546706
220.110082568810
220.337351687245
220.564386628142
220.791188113903
221.017756863219
221.244093591103
221.470199008916
221.696073824389
221.921718741653
222.147134461260
222.372321680216
222.597281091997
222.822013386581
223.046519250469
223.270799366710
223.494854414928
223.718685071341
223.942292008790
224.165675896758
224.388837401397
224.611777185548
224.834495908770
225.056994227353
225.279272794349
225.501332259592
225.723173269718
225.944796468188
226.166202495314
226.387391988271
226.608365581131
226.829123904871
227.049667587406
227.269997253601
227.490113525295
227.710017021324
227.929708357537
228.149188146818
228.368456999105
228.587515521413
228.806364317849
229.025003989635
229.243435135126
229.461658349827
229.679674226416
229.897483354762
230.115086321938
230.332483712248
230.549676107240
230.766664085724
230.983448223792
231.200029094837
231.416407269566
231.632583316022
231.848557799598
232.064331283060
232.279904326556
232.495277487639
232.710451321281
232.925426379892
233.140203213333
233.354782368938
233.569164391524
233.783349823409
233.997339204434
234.211133071967
234.424731960932
234.638136403815
234.851346930681
235.064364069195
235.277188344632
235.489820279891
235.702260395516
235.914509209704
236.126567238326
236.338434994937
236.550112990791
236.761601734859
236.972901733840
237.184013492175
237.394937512063
237.605674293474
237.816224334162
238.026588129681
238.236766173395
238.446758956495
238.656566968012
238.866190694826
239.075630621687
239.284887231219
239.493961003941
239.702852418275
239.911561950560
240.120090075066
240.328437264003
240.536603987538
240.744590713806
240.952397908919
241.160026036983
241.367475560106
241.574746938413
241.781840630057
241.988757091231
242.195496776176
242.402060137200
242.608447624684
242.814659687093
243.020696770993
243.226559321056
243.432247780074
243.637762588970
243.843104186810
244.048273010811
244.253269496356
244.458094077001
244.662747184486
244.867229248750
245.071540697936
245.275681958404
245.479653454742
245.683455609775
245.887088844576
246.090553578476
246.293850229072
246.496979212243
246.699940942151
246.902735831260
247.105364290339
247.307826728475
247.510123553081
247.712255169908
247.914221983051
248.116024394962
248.317662806458
248.519137616727
248.720449223344
248.921598022273
249.122584407882
249.323408772947
249.524071508667
249.724573004665
249.924913649005
250.125093828193
250.325113927194
250.524974329432
250.724675416806
250.924217569694
251.123601166961
251.322826585973
251.521894202599
251.720804391221
251.919557524745
252.118153974607
252.316594110779
252.514878301782
252.713006914689
252.910980315138
253.108798867333
253.306462934060
253.503972876687
253.701329055179
253.898531828100
254.095581552621
254.292478584532
254.489223278246
254.685815986805
254.882257061893
255.078546853837
255.274685711618
255.470673982877
255.666512013923
255.862200149740
256.057738733992
256.253128109035
256.448368615918
256.643460594393
256.838404382923
257.033200318687
257.227848737585
257.422349974252
257.616704362055
257.810912233106
258.004973918269
258.198889747161
258.392660048165
258.586285148433
258.779765373893
258.973101049254
259.166292498016
259.359340042473
259.552244003722
259.745004701664
259.937622455018
260.130097581321
260.322430396936
260.514621217059
260.706670355724
260.898578125807
261.090344839039
261.281970806002
261.473456336142
261.664801737774
261.856007318084
262.047073383140
262.238000237892
262.428788186184
262.619437530753
262.809948573240
263.000321614193
263.190556953074
263.380654888261
263.570615717059
263.760439735699
263.950127239351
264.139678522122
264.329093877064
264.518373596183
264.707517970439
264.896527289752
265.085401843010
265.274141918074
265.462747801778
265.651219779941
265.839558137367
266.027763157853
266.215835124192
266.403774318178
266.591581020615
266.779255511314
266.966798069107
267.154208971843
267.341488496401
267.528636918689
267.715654513649
267.902541555267
268.089298316572
268.275925069642
268.462422085610
268.648789634668
268.835027986072
269.021137408146
269.207118168284
269.392970532961
269.578694767730
269.764291137231
269.949759905196
270.135101334449
270.320315686914
270.505403223620
270.690364204700
270.875198889403
271.059907536090
271.244490402245
271.428947744476
271.613279818520
271.797486879246
271.981569180660
272.165526975909
272.349360517285
272.533070056231
272.716655843339
272.900118128363
273.083457160214
273.266673186971
273.449766455879
273.632737213358
273.815585705005
273.998312175595
274.180916869091
274.363400028640
274.545761896583
274.728002714458
274.910122723001
275.092122162151
275.274001271053
275.455760288065
275.637399450757
275.818918995917
276.000319159555
276.181600176906
276.362762282433
276.543805709831
276.724730692030
276.905537461201
277.086226248756
277.266797285353
277.447250800899
277.627587024555
277.807806184738
277.987908509124
278.167894224652
278.347763557528
278.527516733226
278.707153976495
278.886675511359
279.066081561120
279.245372348367
279.424548094970
279.603609022091
279.782555350183
279.961387298996
280.140105087577
280.318708934275
280.497199056744
280.675575671947
280.853838996156
281.031989244959
281.210026633260
281.387951375284
281.565763684577
281.743463774014
281.921051855798
282.098528141463
282.275892841879
282.453146167253
282.630288327136
282.807319530418
282.984239985339
283.161049899488
283.337749479804
283.514338932585
283.690818463482
283.867188277512
284.043448579052
284.219599571847
284.395641459008
284.571574443023
284.747398725750
284.923114508425
285.098721991666
285.274221375471
285.449612859225
285.624896641700
285.800072921057
285.975141894854
286.150103760040
286.324958712967
286.499706949383
286.674348664442
286.848884052705
287.023313308139
287.197636624124
287.371854193452
287.545966208331
287.719972860389
287.893874340672
288.067670839654
288.241362547229
288.414949652724
288.588432344894
288.761810811927
288.935085241449
289.108255820521
289.281322735644
289.454286172763
289.627146317267
289.799903353993
289.972557467227
290.145108840704
290.317557657618
290.489904100615
290.662148351801
290.834290592744
291.006331004473
291.178269767482
291.350107061736
291.521843066665
291.693477961173
291.865011923638
292.036445131914
292.207777763333
292.379009994708
292.550142002334
292.721173961990
292.892106048944
293.062938437950
293.233671303256
293.404304818600
293.574839157218
293.745274491840
293.915610994698
294.085848837523
294.255988191552
294.426029227524
294.595972115687
294.765817025799
294.935564127128
295.105213588454
295.274765578075
295.444220263804
295.613577812974
295.782838392439
295.952002168574
296.121069307281
296.290039973989
296.458914333652
296.627692550760
296.796374789329
296.964961212915
297.133451984606
297.301847267030
297.470147222353
297.638352012285
297.806461798076
297.974476740524
298.142396999972
298.310222736314
298.477954108991
298.645591277000
298.813134398890
298.980583632766
299.147939136290
299.315201066684
299.482369580731
299.649444834777
299.816426984730
299.983316186067
300.150112593832
300.316816362638
300.483427646668
300.649946599680
300.816373375005
300.982708125551
301.148951003803
301.315102161825
301.481161751263
301.647129923344
301.813006828883
301.978792618275
302.144487441508
302.310091448154
302.475604787380
302.641027607943
302.806360058192
302.971602286075
303.136754439134
303.301816664510
303.466789108944
303.631671918778
303.796465239957
303.961169218031
304.125783998155
304.290309725092
304.454746543214
304.619094596502
304.783354028551
304.947524982566
305.111607601371
305.275602027403
305.439508402717
305.603326868988
305.767057567511
305.930700639203
306.094256224604
306.257724463880
306.421105496821
306.584399462846
306.747606501003
306.910726749969
307.073760348054
307.236707433201
307.399568142986
307.562342614623
307.725030984960
307.887633390487
308.050149967331
308.212580851261
308.374926177689
308.537186081670
308.699360697905
308.861450160740
309.023454604170
309.185374161838
309.347208967037
309.508959152713
309.670624851464
309.832206195541
309.993703316851
310.155116346960
310.316445417088
310.477690658115
310.638852200584
310.799930174697
310.960924710319
311.121835936979
311.282663983873
311.443408979861
311.604071053472
311.764650332903
311.925146946022
312.085561020367
312.245892683150
312.406142061256
312.566309281243
312.726394469347
312.886397751481
313.046319253234
313.206159099878
313.365917416362
313.525594327319
313.685189957063
313.844704429593
314.004137868593
314.163490397434
314.322762139172
314.481953216554
314.641063752014
314.800093867678
314.959043685364
315.117913326582
315.276702912536
315.435412564125
315.594042401943
315.752592546284
315.911063117137
316.069454234192
316.227766016838