0.044873
0.089747
0.134620
0.179493
0.224367
0.269240
0.314113
0.358987
0.403860
0.448733
0.493607
0.538480
0.583353
0.628227
0.673100
0.717973
0.762847
0.807720
0.852593
0.897467
0.942340
0.987213
1.032087
1.076960
1.121833
1.166707
1.211580
1.256453
1.301327
1.346200
1.391073
1.435947
1.480820
1.525693
1.570567
1.615440
1.660314
1.705187
1.750060
1.794934
1.839807
1.884680
1.929554
1.974427
2.019300
2.064174
2.109047
2.153920
2.198794
2.332182
2.479686
2.627191
2.774695
2.922199
3.069703
3.217208
3.364712
3.512216
3.659720
3.807225
3.954729
4.102233
4.249737
4.397242
4.544746
4.692250
4.839754
4.987259
5.134763
5.282267
5.429771
5.577276
5.724780
5.872284
6.019788
6.167293
6.314797
6.462301
6.609805
6.792353
6.975867
7.159380
7.342893
7.526406
7.709919
7.893432
8.076946
8.260459
8.443972
8.627485
8.810998
8.994512
9.178025
9.361538
9.545051
9.728564
9.912078
10.095591
10.279104
10.462617
10.646130
10.829644
11.013157
11.214385
11.416570
11.618754
11.820938
12.023123
12.225307
12.427491
12.629676
12.831860
13.034044
13.236229
13.438413
13.640597
13.842782
14.044966
14.247150
14.449335
14.651519
14.853703
15.055888
15.258072
15.467408
15.719604
15.971799
16.223995
16.476191
16.728387
16.980583
17.232779
17.484975
17.737170
17.989366
18.241562
18.493758
18.745954
18.998150
19.250346
19.502541
19.754737
20.009319
20.265122
20.520925
20.776728
21.032531
21.288334
21.544137
21.799939
22.055742
22.311545
22.567348
22.823151
23.078954
23.334757
23.590560
23.846363
24.102166
24.367663
24.646207
24.924752
25.203297
25.481841
25.760386
26.038931
26.317476
26.596020
26.874565
27.153110
27.431654
27.710199
27.988744
28.267288
28.545833
28.859146
29.195803
29.532460
29.869116
30.205773
30.542430
30.879087
31.215743
31.552400
31.889057
32.225714
32.562370
32.899027
33.235023
33.570365
33.905706
34.241048
34.576390
34.911731
35.247073
35.582415
35.917756
36.253098
36.588440
36.923781
37.259123
37.609687
37.987870
38.366052
38.744235
39.122418
39.500601
39.878783
40.256966
40.635149
41.013331
41.391514
41.769697
42.160289
42.556265
42.952240
43.348216
43.744191
44.140167
44.536142
44.932117
45.328093
45.724068
46.120044
46.516845
46.914287
47.311729
47.709171
48.106613
48.504055
48.901497
49.298939
49.696381
50.093823
50.491265
50.906122
51.340573
51.775023
52.209474
52.643925
53.078376
53.512826
53.947277
54.381728
54.816179
55.259691
55.722231
56.184771
56.647311
57.109852
57.572392
58.034932
58.497472
58.960013
59.422553
59.895221
60.370567
60.845913
61.321259
61.796605
62.271950
62.747296
63.222642
63.697988
64.174425
64.651886
65.129347
65.606808
66.084269
66.561730
67.039191
67.516652
67.994113
68.478838
68.982047
69.485256
69.988465
70.491674
70.994883
71.498093
72.001302
72.504511
73.043313
73.614867
74.186422
74.757976
75.329530
75.901085
76.472639
77.044194
77.610886
78.176416
78.741946
79.307476
79.873006
80.438536
81.004067
81.570232
82.192315
82.814398
83.436481
84.058564
84.680648
85.302731
85.924814
86.562295
87.201041
87.839787
88.478533
89.117279
89.756025
90.394195
91.006516
91.618838
92.231159
92.843480
93.455802
94.068123
94.680445
95.352149
96.036738
96.721327
97.405916
98.090505
98.775094
99.465650
100.165874
100.866098
101.566322
102.266546
102.966770
103.667885
104.378543
105.089201
105.799859
106.510517
107.221175
107.931832
108.668414
109.408478
110.148543
110.888607
111.628671
112.368736
113.151394
113.937543
114.723692
115.509841
116.295990
117.089642
117.899524
118.709406
119.519288
120.329170
121.139051
122.040830
122.956048
123.871266
124.786485
125.702916
126.640116
127.577315
128.514515
129.451714
130.373185
131.265570
132.157955
133.050341
133.942726
134.845288
135.762461
136.679635
137.596809
138.513983
139.428801
140.342072
141.255343
142.168614
143.081885
144.100870
145.150350
146.199831
147.249311
148.324969
149.419963
150.514956
151.609949
152.720676
153.844334
154.967992
156.091650
157.238094
158.398195
159.558296
160.718397
161.843608
162.961414
164.079219
165.197025
166.357635
167.524041
168.690447
169.867684
171.141385
172.415087
173.688788
174.900000
176.075993
177.251986
178.427979
179.740150
181.069058
182.397966
183.819404
185.309812
186.800219
188.413287
190.103198
191.791986
193.292816
194.793646
196.293060
197.773189
199.253318
200.755311
202.479156
204.203001
205.884667
207.529254
209.173842
210.781857
212.383489
214.010442
215.868612
217.726782
219.579138
221.429299
223.373742
225.498679
227.543546
229.370088
231.196630
233.200722
235.235022
237.188170
239.104408
241.051659
243.048112
245.093534
247.364631
249.650357
251.983169
254.357627
256.810412
259.218505
261.589982
264.153534
266.817265
269.996801
272.711197
275.163982
277.993786
280.984085
284.163621
287.236892
290.486035
293.855588
296.988707
300.178417
303.542538
307.075277
310.428694
314.465562
318.692752
322.910229
327.567094
332.303517
337.305745
341.355154
346.867386
351.836214
356.878603
362.077244
368.130810
373.581146
379.646063
385.643183
391.669563
398.124991
404.593456
412.781845
421.690203
429.948550
437.928755
447.218909
457.991520
469.204857
480.432737
495.553520
511.521618
526.154219
544.092211
564.834146
590.105295
616.927889
646.724610
681.218824
725.032738
782.512161
875.352686
1083.771497
2255.098303
