-2579
-10506
-9258
7949
15041
3817
-8066
4515
-8387
11854
-2234
15328
-1090
-2324
817
7536
2198
-13082
6525
1823
17835
-23599
7243
-11048
-5342
-3913
15786
-15364
17411
-7083
-5081
19344
-2703
-3215
-6896
-255
9703
6298
-23216
-4211
1356
-11083
11427
10549
-10353
9318
-1091
-14732
15646
13996
-11279
8535
5927
7225
-11882
2283
-8649
13954
9415
-14348
-3796
-11733
-14922
5373
1580
-4600
-2122
1501
12456
-5951
12332
9806
14361
17271
10564
-757
-15185
-321
9268
9075
17498
-2082
5236
-3311
16679
5153
-3431
-396
742
-8052
-9411
12563
166
-7161
9228
3449
-22935
-11431
719
-16991