221
2239
1163
707
-1827
2082
2946
-1017
-896
2462
960
688
968
607
1824
1282
1394
-2261
203
882
1669
1800
-26
924
289
2526
-716
-501
104
-1773
-260
-804
-2625
-669
605
1521
2582
-244
-1917
2046
1131
1690
-1324
-171
2846
-399
877
-1853
-1008
-2176
-86
-2406
-1084
-2835
-2010
-1389
621
1
-327
-1631
-195
-2137
1983
-1866
-735
-2183
-685
694
-1805
238
-352
-2639
2544
1685
498
-2136
-1267
-1390
824
2340
2275
-1112
1481
162
-2450
2557
-1877
76
2088
2622
2082
505
-2390
-1910
-1189
-2450
-2100
-1468
993
-1232
-2865
-2348
2883
-2398
2910
-1762
-2191
332
-937
1871
-1795
-1476
1723
-2696
-419
1546
250
988
-2925
481
-851
398
1249
-2130
1698
-1712
1636
2446
254
-71
-1016
-2154
-1127
-1486
-650
-738
-2572
-2411
-1188
1107
1122
2150
1206
-1827
1007
592
2783
878
-86
-348
2099
1486
-1870
2572
-2630
-890
-2098
-2250
-1097
1723
-532
417
2144
979
-2181
477
550
153
2274
-610
458
-2689
1295
-102
2294
-820
-1316
1710
1720
-2083
-167
-1988
2300
-411
-1204
-563
2566
-1892
-1567
1943
696
-2460
1187
-1319
2477
800
2826
-2258
-2233
-2442
268
2016
-2720
-1131
2669
-633
-2267
-2175
1689
1704
1959
-1324
-335
-2661
1843
-2769
-2459
-977
200
-2918
942
2959
2614
1222
-2510
-1257
1021
-1912
2675
-1575
-2902
1658
1274
595
2388
54
-3
2620
-2695
-1083
-1146
-1957
-863
-2211
-635
2106
-2364
2488
-1425
1037
-2579
472
669
-2401
-2349
-477
557
1736
1053
1897
-1157
-1373
-825
-1284
-2753
-2954
878
1025
924
-134
-2163
805
1994
-1939
-2522
1713
-1340
1099
1328
1390
2336
-521
-810
709
249
-1387
2103
194
2781
-2773
-2760
-2343
2183
-2869
-1149
47
859
-2605
-1119
692
-2524
-2864
713
1845
-2552
1103
-290
1464
-1053
-1778
-920
1450
2420
2390
1200
1938
2403
740
-1670
2620
2017
-1332
2698
-1979
166
490
-1051
660
1754
186
-2310
1644
-1656
-2042
371
-1899
955
-2512
1066
2236
2234
1124
-2411
2177
3
5
-1703
-25
1779
2860
-83
-545
2902
2303
-2556
-1747
-1326
-931
-835
-2545
-139
1152
-2063
-1134
2822
924
-851
2927
-1350
366
2694
2626
-695
-109
-1245
-1523
1623
1639
2094
1842
-1679
-2709
2801
-1885
-2847
2954
1343
-2524
-2352
-1417
-2296
670
-1712
-2109
1377
198
-2923
-31
-2455
2441
