0.0
0.021273386024061203
0.0425275346197842
0.06374331253268707
0.08490179344972194
0.10598435798959989
0.12697278961407893
0.14784936525875556
0.1685969396094296
0.18919902209996817
0.20963984587421253
0.2299044281319047
0.24997862146082245
0.26984915593846925
0.28950367196138826
0.30893074392374165
0.32811989501530536
0.3470616035394905
0.36574730126234445
0.3841693643925995
0.4023210978604407
0.42019671360927524
0.4377913036415464
0.4551008085681946
0.4721219824037767
0.4888523543277478
0.5052901880993945
0.5214344397717438
0.5372847143007717
0.5528412215925392
0.5681047324744273
0.5830765350191446
0.5977583915930821
0.6121524969450833
0.6262614375987547
0.6400881527617461
0.6536358969195218
0.6669082042393105
0.6799088548723576
0.6926418432093046
0.7051113481144319
0.7173217051394488
0.7292773806962718
0.7409829481505374
0.7524430657831502
0.7636624565556557
0.7746458896063471
0.7853981633974483
0.7853981633974483
