0.000000000000
0.020942419883
0.041875653729
0.062790519529
0.083677843332
0.104528463268
0.125333233564
0.146083028562
0.166768746716
0.187381314586
0.207911690818
0.228350870111
0.248689887165
0.268919820615
0.289031796944
0.309016994375
0.328866646739
0.348572047322
0.368124552685
0.387515586452
0.406736643076
0.425779291565
0.444635179185
0.463296035120
0.481753674102
0.500000000000
0.518027009373
0.535826794979
0.553391549243
0.570713567684
0.587785252292
0.604599114862
0.621147780278
0.637423989749
0.653420603990
0.669130606359
0.684547105929
0.699663340513
0.714472679633
0.728968627421
0.743144825477
0.756995055652
0.770513242776
0.783693457326
0.796529918024
0.809016994375
0.821149209134
0.832921240710
0.844327925502
0.855364260161
0.866025403784
0.876306680044
0.886203579231
0.895711760239
0.904827052466
0.913545457643
0.921863151589
0.929776485888
0.937281989492
0.944376370237
0.951056516295
0.957319497532
0.963162566798
0.968583161129
0.973578902873
0.978147600734
0.982287250729
0.985996037071
0.989272332963
0.992114701314
0.994521895368
0.996492859250
0.998026728428
0.999122830099
0.999780683475
1.000000000000
0.999780683475
0.999122830099
0.998026728428
0.996492859250
0.994521895368
0.992114701314
0.989272332963
0.985996037071
0.982287250729
0.978147600734
0.973578902873
0.968583161129
0.963162566798
0.957319497532
0.951056516295
0.944376370237
0.937281989492
0.929776485888
0.921863151589
0.913545457643
0.904827052466
0.895711760239
0.886203579231
0.876306680044
0.866025403784
0.855364260161
0.844327925502
0.832921240710
0.821149209134
0.809016994375
0.796529918024
0.783693457326
0.770513242776
0.756995055652
0.743144825477
0.728968627421
0.714472679633
0.699663340513
0.684547105929
0.669130606359
0.653420603990
0.637423989749
0.621147780278
0.604599114862
0.587785252292
0.570713567684
0.553391549243
0.535826794979
0.518027009373
0.500000000000
0.481753674102
0.463296035120
0.444635179185
0.425779291565
0.406736643076
0.387515586452
0.368124552685
0.348572047322
0.328866646739
0.309016994375
0.289031796944
0.268919820615
0.248689887165
0.228350870111
0.207911690818
0.187381314586
0.166768746716
0.146083028562
0.125333233564
0.104528463268
0.083677843332
0.062790519529
0.041875653729
0.020942419883
0.000000000000
0.000000000000