0.95
0.9501001
0.9502002002002001
0.9503003003003002
0.9504004004004003
0.9505005005005005
0.9506006006006006
0.9507007007007007
0.9508008008008008
0.9509009009009008
0.9510010010010009
0.951101101
0.9512012012012011
0.9513013013013013
0.9514014014014014
0.9515015015015015
0.9516016016016016
0.9517017017017017
0.9518018018018017
0.9519019019019018
0.9520020020020019
0.9521021021021021
0.9522022022022022
0.9523023023023023
0.9524024024024024
0.9525025025025025
0.9526026026026025
0.9527027027027026
0.9528028028028027
0.9529029029029029
0.953003003
0.9531031031031031
0.9532032032032032
0.9533033033033033
0.9534034034034033
0.9535035035035034
0.9536036036036035
0.9537037037037036
0.9538038038038038
0.9539039039039039
0.954004004
0.9541041041041041
0.9542042042042042
0.9543043043043042
0.9544044044044043
0.9545045045045044
0.9546046046046046
0.9547047047047047
0.9548048048048048
0.9549049049049049
0.955005005
0.955105105
0.9552052052052051
0.9553053053053052
0.9554054054054054
0.9555055055055055
0.9556056056056056
0.9557057057057057
0.9558058058058058
0.9559059059059059
0.9560060060060059
0.956106106
0.9562062062062062
0.9563063063063063
0.9564064064064064
0.9565065065065065
0.9566066066066066
0.9567067067067067
0.9568068068068067
0.9569069069069068
0.9570070070070069
0.9571071071071071
0.9572072072072072
0.9573073073073073
0.9574074074074074
0.9575075075075075
0.9576076076076075
0.9577077077077076
0.9578078078078077
0.9579079079079079
0.958008008
0.9581081081081081
0.9582082082082082
0.9583083083083083
0.9584084084084084
0.9585085085085084
0.9586086086086085
0.9587087087087087
0.9588088088088088
0.9589089089089089
0.959009009
0.9591091091091091
0.9592092092092092
0.9593093093093092
0.9594094094094093
0.9595095095095094
0.9596096096096096
0.9597097097097097
0.9598098098098098
0.9599099099099099
0.96001001
0.96011011
0.9602102102102101
0.9603103103103102
0.9604104104104104
0.9605105105105105
0.9606106106106106
0.9607107107107107
0.9608108108108108
0.9609109109109109
0.9610110110110109
0.961111111
0.9612112112112112
0.9613113113113113
0.9614114114114114
0.9615115115115115
0.9616116116116116
0.9617117117117117
0.9618118118118117
0.9619119119119118
0.962012012
0.9621121121121121
0.9622122122122122
0.9623123123123123
0.9624124124124124
0.9625125125125125
0.9626126126126126
0.9627127127127126
0.9628128128128128
0.9629129129129129
0.963013013
0.9631131131131131
0.9632132132132132
0.9633133133133133
0.9634134134134134
0.9635135135135134
0.9636136136136135
0.9637137137137137
0.9638138138138138
0.9639139139139139
0.964014014
0.9641141141141141
0.9642142142142142
0.9643143143143142
0.9644144144144143
0.9645145145145145
0.9646146146146146
0.9647147147147147
0.9648148148148148
0.9649149149149149
0.965015015
0.965115115
0.9652152152152151
0.9653153153153153
0.9654154154154154
0.9655155155155155
0.9656156156156156
0.9657157157157157
0.9658158158158158
0.9659159159159159
0.9660160160160159
0.966116116
0.9662162162162162
0.9663163163163163
0.9664164164164164
0.9665165165165165
0.9666166166166166
0.9667167167167167
0.9668168168168167
0.9669169169169168
0.967017017
0.9671171171171171
0.9672172172172172
0.9673173173173173
0.9674174174174174
0.9675175175175175
0.9676176176176176
0.9677177177177176
0.9678178178178178
0.9679179179179179
0.968018018
0.9681181181181181
0.9682182182182182
0.9683183183183183
0.9684184184184184
0.9685185185185184
0.9686186186186186
0.9687187187187187
0.9688188188188188
0.9689189189189189
0.969019019
0.9691191191191191
0.9692192192192192
0.9693193193193193
0.9694194194194194
0.9695195195195195
0.9696196196196196
0.9697197197197197
0.9698198198198198
0.9699199199199199
0.97002002
0.97012012
0.9702202202202201
0.9703203203203203
0.9704204204204204
0.9705205205205205
0.9706206206206206
0.9707207207207207
0.9708208208208208
0.9709209209209209
0.971021021
0.9711211211211211
0.9712212212212212
0.9713213213213213
0.9714214214214214
0.9715215215215215
0.9716216216216216
0.9717217217217217
0.9718218218218218
0.971921922
0.972022022
0.9721221221221221
0.9722222222222222
0.9723223223223223
0.9724224224224224
0.9725225225225225
0.9726226226226226
0.9727227227227226
0.9728228228228228
0.9729229229229229
0.973023023
0.9731231231231231
0.9732232232232232
0.9733233233233233
0.9734234234234234
0.9735235235235234
0.9736236236236236
0.9737237237237237
0.9738238238238238
0.9739239239239239
0.974024024
0.9741241241241241
0.9742242242242242
0.9743243243243243
0.9744244244244245
0.9745245245245245
0.9746246246246246
0.9747247247247247
0.9748248248248248
0.9749249249249249
0.975025025
0.9751251251251251
0.9752252252252251
0.9753253253253253
0.9754254254254254
0.9755255255255255
0.9756256256256256
0.9757257257257257
0.9758258258258258
0.9759259259259259
0.9760260260260261
0.9761261261261261
0.9762262262262262
0.9763263263263263
0.9764264264264264
0.9765265265265265
0.9766266266266266
0.9767267267267267
0.9768268268268268
0.976926927
0.977027027
0.9771271271271271
0.9772272272272272
0.9773273273273273
0.9774274274274274
0.9775275275275275
0.9776276276276276
0.9777277277277278
0.9778278278278278
0.9779279279279279
0.978028028
0.9781281281281281
0.9782282282282282
0.9783283283283283
0.9784284284284284
0.9785285285285286
0.9786286286286286
0.9787287287287287
0.9788288288288288
0.9789289289289289
0.979029029
0.9791291291291291
0.9792292292292292
0.9793293293293293
0.9794294294294295
0.9795295295295295
0.9796296296296296
0.9797297297297297
0.9798298298298298
0.9799299299299299
0.98003003
0.9801301301301301
0.9802302302302303
0.9803303303303303
0.9804304304304304
0.9805305305305305
0.9806306306306306
0.9807307307307307
0.9808308308308308
0.9809309309309309
0.9810310310310311
0.9811311311311312
0.9812312312312312
0.9813313313313313
0.9814314314314314
0.9815315315315315
0.9816316316316316
0.9817317317317317
0.9818318318318318
0.981931932
0.982032032
0.9821321321321321
0.9822322322322322
0.9823323323323323
0.9824324324324324
0.9825325325325325
0.9826326326326327
0.9827327327327328
0.9828328328328328
0.9829329329329329
0.983033033
0.9831331331331331
0.9832332332332332
0.9833333333333333
0.9834334334334334
0.9835335335335336
0.9836336336336337
0.9837337337337337
0.9838338338338338
0.9839339339339339
0.984034034
0.9841341341341341
0.9842342342342342
0.9843343343343344
0.9844344344344345
0.9845345345345345
0.9846346346346346
0.9847347347347347
0.9848348348348348
0.9849349349349349
0.985035035
0.9851351351351352
0.9852352352352353
0.9853353353353353
0.9854354354354354
0.9855355355355355
0.9856356356356356
0.9857357357357357
0.9858358358358358
0.9859359359359359
0.9860360360360361
0.9861361361361362
0.9862362362362362
0.9863363363363363
0.9864364364364364
0.9865365365365365
0.9866366366366366
0.9867367367367367
0.9868368368368369
0.986936937
0.987037037
0.9871371371371371
0.9872372372372372
0.9873373373373373
0.9874374374374374
0.9875375375375375
0.9876376376376377
0.9877377377377378
0.9878378378378379
0.9879379379379379
0.988038038
0.9881381381381381
0.9882382382382382
0.9883383383383383
0.9884384384384384
0.9885385385385386
0.9886386386386387
0.9887387387387387
0.9888388388388388
0.9889389389389389
0.989039039
0.9891391391391391
0.9892392392392393
0.9893393393393394
0.9894394394394395
0.9895395395395395
0.9896396396396396
0.9897397397397397
0.9898398398398398
0.9899399399399399
0.99004004
0.9901401401401402
0.9902402402402403
0.9903403403403404
0.9904404404404404
0.9905405405405405
0.9906406406406406
0.9907407407407407
0.9908408408408408
0.9909409409409409
0.9910410410410411
0.9911411411411412
0.9912412412412412
0.9913413413413413
0.9914414414414414
0.9915415415415415
0.9916416416416416
0.9917417417417418
0.9918418418418419
0.991941942
0.992042042
0.9921421421421421
0.9922422422422422
0.9923423423423423
0.9924424424424424
0.9925425425425425
0.9926426426426427
0.9927427427427428
0.9928428428428429
0.9929429429429429
0.993043043
0.9931431431431431
0.9932432432432432
0.9933433433433433
0.9934434434434435
0.9935435435435436
0.9936436436436437
0.9937437437437437
0.9938438438438438
0.9939439439439439
0.994044044
0.9941441441441441
0.9942442442442443
0.9943443443443444
0.9944444444444445
0.9945445445445446
0.9946446446446446
0.9947447447447447
0.9948448448448448
0.9949449449449449
0.995045045
0.9951451451451452
0.9952452452452453
0.9953453453453454
0.9954454454454454
0.9955455455455455
0.9956456456456456
0.9957457457457457
0.9958458458458458
0.995945946
0.9960460460460461
0.9961461461461462
0.9962462462462462
0.9963463463463463
0.9964464464464464
0.9965465465465465
0.9966466466466466
0.9967467467467468
0.9968468468468469
0.996946947
0.997047047
0.9971471471471471
0.9972472472472472
0.9973473473473473
0.9974474474474474
0.9975475475475475
0.9976476476476477
0.9977477477477478
0.9978478478478479
0.9979479479479479
0.998048048
0.9981481481481481
0.9982482482482482
0.9983483483483484
0.9984484484484485
0.9985485485485486
0.9986486486486487
0.9987487487487487
0.9988488488488488
0.9989489489489489
0.999049049
0.9991491491491491
0.9992492492492493
0.9993493493493494
0.9994494494494495
0.9995495495495496
0.9996496496496496
0.9997497497497497
0.9998498498498498
0.9999499499499499
1.00005005
1.0001501501501502
1.0002502502502502
1.0003503503503504
1.0004504504504506
1.0005505505505505
1.0006506506506507
1.0007507507507507
1.000850850850851
1.0009509509509509
1.001051051051051
1.001151151151151
1.0012512512512513
1.0013513513513514
1.0014514514514514
1.0015515515515516
1.0016516516516516
1.0017517517517518
1.0018518518518518
1.001951951951952
1.002052052052052
1.0021521521521521
1.0022522522522523
1.0023523523523523
1.0024524524524525
1.0025525525525525
1.0026526526526527
1.0027527527527527
1.0028528528528529
1.002952952952953
1.003053053053053
1.0031531531531532
1.0032532532532532
1.0033533533533534
1.0034534534534534
1.0035535535535536
1.0036536536536536
1.0037537537537538
1.003853853853854
1.003953953953954
1.0040540540540541
1.004154154154154
1.0042542542542543
1.0043543543543543
1.0044544544544545
1.0045545545545544
1.0046546546546546
1.0047547547547548
1.0048548548548548
1.004954954954955
1.005055055055055
1.0051551551551552
1.0052552552552552
1.0053553553553554
1.0054554554554556
1.0055555555555555
1.0056556556556557
1.0057557557557557
1.005855855855856
1.0059559559559559
1.006056056056056
1.006156156156156
1.0062562562562563
1.0063563563563565
1.0064564564564564
1.0065565565565566
1.0066566566566566
1.0067567567567568
1.0068568568568568
1.006956956956957
1.007057057057057
1.0071571571571571
1.0072572572572573
1.0073573573573573
1.0074574574574575
1.0075575575575575
1.0076576576576577
1.0077577577577577
1.0078578578578579
1.007957957957958
1.008058058058058
1.0081581581581582
1.0082582582582582
1.0083583583583584
1.0084584584584584
1.0085585585585586
1.0086586586586586
1.0087587587587588
1.008858858858859
1.008958958958959
1.0090590590590591
1.009159159159159
1.0092592592592593
1.0093593593593593
1.0094594594594595
1.0095595595595597
1.0096596596596596
1.0097597597597598
1.0098598598598598
1.00995996
1.01006006
1.0101601601601602
1.0102602602602602
1.0103603603603604
1.0104604604604606
1.0105605605605605
1.0106606606606607
1.0107607607607607
1.010860860860861
1.0109609609609609
1.011061061061061
1.0111611611611613
1.0112612612612613
1.0113613613613615
1.0114614614614614
1.0115615615615616
1.0116616616616616
1.0117617617617618
1.0118618618618618
1.011961961961962
1.0120620620620622
1.0121621621621621
1.0122622622622623
1.0123623623623623
1.0124624624624625
1.0125625625625625
1.0126626626626627
1.0127627627627627
1.0128628628628629
1.012962962962963
1.013063063063063
1.0131631631631632
1.0132632632632632
1.0133633633633634
1.0134634634634634
1.0135635635635636
1.0136636636636638
1.0137637637637638
1.013863863863864
1.013963963963964
1.0140640640640641
1.014164164164164
1.0142642642642643
1.0143643643643643
1.0144644644644645
1.0145645645645647
1.0146646646646647
1.0147647647647648
1.0148648648648648
1.014964964964965
1.015065065065065
1.0151651651651652
1.0152652652652652
1.0153653653653654
1.0154654654654656
1.0155655655655655
1.0156656656656657
1.0157657657657657
1.015865865865866
1.015965965965966
1.016066066066066
1.0161661661661663
1.0162662662662663
1.0163663663663665
1.0164664664664664
1.0165665665665666
1.0166666666666666
1.0167667667667668
1.0168668668668668
1.016966966966967
1.0170670670670672
1.0171671671671672
1.0172672672672673
1.0173673673673673
1.0174674674674675
1.0175675675675675
1.0176676676676677
1.0177677677677677
1.0178678678678679
1.017967967967968
1.018068068068068
1.0181681681681682
1.0182682682682682
1.0183683683683684
1.0184684684684684
1.0185685685685686
1.0186686686686688
1.0187687687687688
1.018868868868869
1.018968968968969
1.0190690690690691
1.019169169169169
1.0192692692692693
1.0193693693693693
1.0194694694694695
1.0195695695695697
1.0196696696696697
1.0197697697697699
1.0198698698698698
1.01996997
1.02007007
1.0201701701701702
1.0202702702702702
1.0203703703703704
1.0204704704704706
1.0205705705705705
1.0206706706706707
1.0207707707707707
1.020870870870871
1.020970970970971
1.021071071071071
1.0211711711711713
1.0212712712712713
1.0213713713713715
1.0214714714714714
1.0215715715715716
1.0216716716716716
1.0217717717717718
1.021871871871872
1.021971971971972
1.0220720720720722
1.0221721721721722
1.0222722722722724
1.0223723723723723
1.0224724724724725
1.0225725725725725
1.0226726726726727
1.0227727727727727
1.0228728728728729
1.022972972972973
1.023073073073073
1.0231731731731732
1.0232732732732732
1.0233733733733734
1.0234734734734734
1.0235735735735736
1.0236736736736738
1.0237737737737738
1.023873873873874
1.023973973973974
1.0240740740740741
1.0241741741741741
1.0242742742742743
1.0243743743743745
1.0244744744744745
1.0245745745745747
1.0246746746746747
1.0247747747747749
1.0248748748748748
1.024974974974975
1.025075075075075
1.0251751751751752
1.0252752752752752
1.0253753753753754
1.0254754754754756
1.0255755755755755
1.0256756756756757
1.0257757757757757
1.025875875875876
1.025975975975976
1.026076076076076
1.0261761761761763
1.0262762762762763
1.0263763763763765
1.0264764764764764
1.0265765765765766
1.0266766766766766
1.0267767767767768
1.026876876876877
1.026976976976977
1.0270770770770772
1.0271771771771772
1.0272772772772774
1.0273773773773773
1.0274774774774775
1.0275775775775775
1.0276776776776777
1.027777777777778
1.0278778778778779
1.027977977977978
1.028078078078078
1.0281781781781782
1.0282782782782782
1.0283783783783784
1.0284784784784784
1.0285785785785786
1.0286786786786788
1.0287787787787788
1.028878878878879
1.028978978978979
1.0290790790790791
1.0291791791791791
1.0292792792792793
1.0293793793793795
1.0294794794794795
1.0295795795795797
1.0296796796796797
1.0297797797797799
1.0298798798798798
1.02997998
1.03008008
1.0301801801801802
1.0302802802802804
1.0303803803803804
1.0304804804804806
1.0305805805805806
1.0306806806806807
1.0307807807807807
1.030880880880881
1.030980980980981
1.031081081081081
1.0311811811811813
1.0312812812812813
1.0313813813813815
1.0314814814814814
1.0315815815815816
1.0316816816816816
1.0317817817817818
1.031881881881882
1.031981981981982
1.0320820820820822
1.0321821821821822
1.0322822822822824
1.0323823823823823
1.0324824824824825
1.0325825825825825
1.0326826826826827
1.032782782782783
1.0328828828828829
1.032982982982983
1.033083083083083
1.0331831831831833
1.0332832832832832
1.0333833833833834
1.0334834834834834
1.0335835835835836
1.0336836836836838
1.0337837837837838
1.033883883883884
1.033983983983984
1.0340840840840841
1.0341841841841841
1.0342842842842843
1.0343843843843845
1.0344844844844845
1.0345845845845847
1.0346846846846847
1.0347847847847849
1.0348848848848848
1.034984984984985
1.035085085085085
1.0351851851851852
1.0352852852852854
1.0353853853853854
1.0354854854854856
1.0355855855855856
1.0356856856856858
1.0357857857857857
1.035885885885886
1.035985985985986
1.036086086086086
1.0361861861861863
1.0362862862862863
1.0363863863863865
1.0364864864864864
1.0365865865865866
1.0366866866866866
1.0367867867867868
1.036886886886887
1.036986986986987
1.0370870870870872
1.0371871871871872
1.0372872872872874
1.0373873873873873
1.0374874874874875
1.0375875875875877
1.0376876876876877
1.037787787787788
1.0378878878878879
1.037987987987988
1.038088088088088
1.0381881881881883
1.0382882882882882
1.0383883883883884
1.0384884884884884
1.0385885885885886
1.0386886886886888
1.0387887887887888
1.038888888888889
1.038988988988989
1.0390890890890891
1.0391891891891891
1.0392892892892893
1.0393893893893895
1.0394894894894895
1.0395895895895897
1.0396896896896897
1.0397897897897899
1.0398898898898898
1.03998999
1.0400900900900902
1.0401901901901902
1.0402902902902904
1.0403903903903904
1.0404904904904906
1.0405905905905906
1.0406906906906908
1.0407907907907907
1.040890890890891
1.0409909909909911
1.041091091091091
1.0411911911911913
1.0412912912912913
1.0413913913913915
1.0414914914914915
1.0415915915915916
1.0416916916916916
1.0417917917917918
1.041891891891892
1.041991991991992
1.0420920920920922
1.0421921921921922
1.0422922922922924
1.0423923923923923
1.0424924924924925
1.0425925925925927
1.0426926926926927
1.042792792792793
1.0428928928928929
1.042992992992993
1.043093093093093
1.0431931931931933
1.0432932932932932
1.0433933933933934
1.0434934934934936
1.0435935935935936
1.0436936936936938
1.0437937937937938
1.043893893893894
1.043993993993994
1.0440940940940941
1.0441941941941941
1.0442942942942943
1.0443943943943945
1.0444944944944945
1.0445945945945947
1.0446946946946947
1.0447947947947949
1.0448948948948948
1.044994994994995
1.0450950950950952
1.0451951951951952
1.0452952952952954
1.0453953953953954
1.0454954954954956
1.0455955955955956
1.0456956956956958
1.0457957957957957
1.045895895895896
1.0459959959959961
1.046096096096096
1.0461961961961963
1.0462962962962963
1.0463963963963965
1.0464964964964965
1.0465965965965967
1.0466966966966966
1.0467967967967968
1.046896896896897
1.046996996996997
1.0470970970970972
1.0471971971971972
1.0472972972972974
1.0473973973973973
1.0474974974974975
1.0475975975975977
1.0476976976976977
1.047797797797798
1.047897897897898
1.047997997997998
1.048098098098098
1.0481981981981983
1.0482982982982982
1.0483983983983984
1.0484984984984986
1.0485985985985986
1.0486986986986988
1.0487987987987988
1.048898898898899
1.048998998998999
1.0490990990990992
1.0491991991991991
1.0492992992992993
1.0493993993993995
1.0494994994994995
1.0495995995995997
1.0496996996996997
1.0497997997997999
1.0498998998998998
1.05