-1.569796327
-1.569794321
-1.569792307
-1.569790285
-1.569788254
-1.569786216
-1.569784169
-1.569782114
-1.56978005
-1.569777979
-1.569775898
-1.569773809
-1.569771712
-1.569769606
-1.569767491
-1.569765367
-1.569763235
-1.569761094
-1.569758944
-1.569756785
-1.569754617
-1.56975244
-1.569750254
-1.569748059
-1.569745854
-1.56974364
-1.569741417
-1.569739184
-1.569736942
-1.569734691
-1.569732429
-1.569730159
-1.569727878
-1.569725588
-1.569723287
-1.569720977
-1.569718657
-1.569716327
-1.569713987
-1.569711637
-1.569709276
-1.569706905
-1.569704524
-1.569702132
-1.56969973
-1.569697317
-1.569694894
-1.56969246
-1.569690015
-1.569687559
-1.569685093
-1.569682615
-1.569680126
-1.569677626
-1.569675115
-1.569672593
-1.569670059
-1.569667514
-1.569664957
-1.569662389
-1.569659809
-1.569657217
-1.569654613
-1.569651997
-1.56964937
-1.56964673
-1.569644078
-1.569641414
-1.569638738
-1.569636049
-1.569633347
-1.569630633
-1.569627906
-1.569625167
-1.569622414
-1.569619649
-1.56961687
-1.569614079
-1.569611274
-1.569608456
-1.569605624
-1.569602779
-1.56959992
-1.569597048
-1.569594161
-1.569591261
-1.569588347
-1.569585418
-1.569582476
-1.569579519
-1.569576547
-1.569573561
-1.569570561
-1.569567545
-1.569564515
-1.56956147
-1.569558409
-1.569555334
-1.569552243
-1.569549136
-1.569546015
-1.569542877
-1.569539724
-1.569536554
-1.569533369
-1.569530168
-1.56952695
-1.569523716
-1.569520465
-1.569517198
-1.569513914
-1.569510613
-1.569507295
-1.56950396
-1.569500608
-1.569497238
-1.56949385
-1.569490445
-1.569487022
-1.569483581
-1.569480122
-1.569476645
-1.569473149
-1.569469634
-1.569466101
-1.569462549
-1.569458978
-1.569455388
-1.569451778
-1.569448149
-1.569444501
-1.569440832
-1.569437144
-1.569433435
-1.569429707
-1.569425957
-1.569422187
-1.569418397
-1.569414585
-1.569410752
-1.569406898
-1.569403022
-1.569399125
-1.569395206
-1.569391264
-1.569387301
-1.569383315
-1.569379306
-1.569375275
-1.569371221
-1.569367143
-1.569363042
-1.569358918
-1.569354769
-1.569350597
-1.5693464
-1.569342179
-1.569337934
-1.569333663
-1.569329367
-1.569325047
-1.5693207
-1.569316328
-1.56931193
-1.569307505
-1.569303054
-1.569298577
-1.569294072
-1.569289541
-1.569284982
-1.569280395
-1.56927578
-1.569271137
-1.569266466
-1.569261766
-1.569257037
-1.569252279
-1.569247491
-1.569242673
-1.569237826
-1.569232948
-1.569228039
-1.5692231
-1.569218129
-1.569213127
-1.569208093
-1.569203027
-1.569197928
-1.569192797
-1.569187633
-1.569182435
-1.569177203
-1.569171938
-1.569166638
-1.569161304
-1.569155934
-1.569150529
-1.569145089
-1.569139612
-1.569134099
-1.569128549
-1.569122962
-1.569117337
-1.569111674
-1.569105973
-1.569100233
-1.569094455
-1.569088636
-1.569082778
-1.569076879
-1.56907094
-1.569064959
-1.569058937
-1.569052873
-1.569046766
-1.569040617
-1.569034424
-1.569028187
-1.569021906
-1.56901558
-1.569009209
-1.569002792
-1.568996329
-1.568989819
-1.568983262
-1.568976657
-1.568970003
-1.568963301
-1.56895655
-1.568949748
-1.568942897
-1.568935994
-1.568929039
-1.568922033
-1.568914973
-1.56890786
-1.568900693
-1.568893472
-1.568886195
-1.568878863
-1.568871474
-1.568864027
-1.568856523
-1.568848961
-1.568841339
-1.568833657
-1.568825915
-1.568818112
-1.568810246
-1.568802317
-1.568794325
-1.568786269
-1.568778148
-1.56876996
-1.568761706
-1.568753385
-1.568744995
-1.568736536
-1.568728007
-1.568719407
-1.568710735
-1.56870199
-1.568693172
-1.568684279
-1.568675311
-1.568666266
-1.568657144
-1.568647943
-1.568638663
-1.568629302
-1.56861986
-1.568610335
-1.568600726
-1.568591032
-1.568581253
-1.568571386
-1.568561431
-1.568551387
-1.568541252
-1.568531025
-1.568520704
-1.56851029
-1.568499779
-1.568489172
-1.568478466
-1.56846766
-1.568456753
-1.568445743
-1.568434629
-1.56842341
-1.568412083
-1.568400648
-1.568389103
-1.568377445
-1.568365675
-1.568353789
-1.568341786
-1.568329665
-1.568317424
-1.56830506
-1.568292573
-1.568279959
-1.568267218
-1.568254348
-1.568241345
-1.568228209
-1.568214937
-1.568201527
-1.568187978
-1.568174286
-1.568160449
-1.568146466
-1.568132333
-1.568118049
-1.568103611
-1.568089016
-1.568074263
-1.568059347
-1.568044268
-1.568029021
-1.568013604
-1.567998015
-1.56798225
-1.567966306
-1.567950181
-1.56793387
-1.567917372
-1.567900683
-1.567883799
-1.567866716
-1.567849433
-1.567831944
-1.567814246
-1.567796336
-1.567778209
-1.567759862
-1.56774129
-1.56772249
-1.567703457
-1.567684187
-1.567664676
-1.567644918
-1.567624909
-1.567604644
-1.567584119
-1.567563328
-1.567542267
-1.567520929
-1.567499309
-1.567477402
-1.567455202
-1.567432703
-1.567409899
-1.567386784
-1.567363351
-1.567339593
-1.567315505
-1.567291078
-1.567266306
-1.567241182
-1.567215697
-1.567189844
-1.567163616
-1.567137002
-1.567109997
-1.567082589
-1.567054771
-1.567026533
-1.566997866
-1.566968759
-1.566939203
-1.566909187
-1.5668787
-1.566847731
-1.566816268
-1.5667843
-1.566751814
-1.566718798
-1.566685239
-1.566651122
-1.566616435
-1.566581162
-1.566545289
-1.566508799
-1.566471678
-1.566433909
-1.566395474
-1.566356356
-1.566316536
-1.566275996
-1.566234715
-1.566192673
-1.566149849
-1.56610622
-1.566061765
-1.566016459
-1.565970277
-1.565923195
-1.565875184
-1.565826218
-1.565776268
-1.565725304
-1.565673295
-1.565620207
-1.565566008
-1.565510662
-1.565454132
-1.565396379
-1.565337365
-1.565277046
-1.565215379
-1.565152319
-1.565087817
-1.565021825
-1.564954288
-1.564885153
-1.564814362
-1.564741855
-1.564667569
-1.564591437
-1.564513391
-1.564433355
-1.564351255
-1.564267008
-1.564180529
-1.564091729
-1.564000513
-1.563906781
-1.563810426
-1.563711339
-1.5636094
-1.563504485
-1.563396462
-1.56328519
-1.56317052
-1.563052296
-1.562930347
-1.562804497
-1.562674554
-1.562540316
-1.562401566
-1.562258073
-1.562109589
-1.561955849
-1.56179657
-1.561631446
-1.561460149
-1.561282328
-1.561097602
-1.56090556
-1.56070576
-1.560497722
-1.560280925
-1.560054804
-1.559818746
-1.559572079
-1.559314073
-1.559043927
-1.558760763
-1.558463619
-1.558151431
-1.557823029
-1.557477114
-1.557112249
-1.556726833
-1.556319077
-1.555886984
-1.555428306
-1.554940513
-1.554420742
-1.553865741
-1.553271805
-1.552634688
-1.551949502
-1.551210596
-1.550411396
-1.549544208
-1.548599973
-1.547567947
-1.546435293
-1.545186542
-1.543802885
-1.542261217
-1.540532842
-1.538581669
-1.536361668
-1.533813197
-1.530857576
-1.527388828
-1.523260735
-1.518265752
-1.512099125
-1.504294535
-1.494100907
-1.480226604
-1.460248863
-1.429039275
-1.373593082
-1.249345802
-0.785898413
0.7858984134808311
1.249345802392259
1.3735930820316884
1.4290392749898766
1.4602488630566277
1.4802266042673886
1.4941009065630346
1.504294534994073
1.5120991249709033
1.518265751516742
1.5232607349375866
1.5273888277116336
1.5308575758376177
1.5338131972729858
1.5363616676415055
1.5385816689253535
1.5405328421332456
1.542261217103395
1.5438028849266088
1.5451865424687616
1.5464352933798282
1.5475679472402366
1.5485999727328388
1.549544207748781
1.5504113957837928
1.551210596252678
1.5519495019899001
1.5526346875375725
1.5532718052044272
1.553865741
1.5544207415294446
1.5549405128247347
1.555428305992857
1.5558869838571316
1.556319077442644
1.556726832688434
1.557112249484637
1.5574771144665038
1.5578230286998473
1.5581514311628075
1.5584636187501753
1.5587607633865803
1.559043927
1.5593140728158619
1.5595720790750847
1.5598187457976234
1.5600548044501246
1.5602809249139047
1.5604977218325327
1.5607057601902008
1.5609055602274822
1.561097601784511
1.5612823281479116
1.5614601494663884
1.5616314457903664
1.5617965697830876
1.5619558491438579
1.5621095887784826
1.5622580727471311
1.5624015660158133
1.5625403160341842
1.5626745541594422
1.5628044969435544
1.5629303472988723
1.563052295555334
1.5631705204208384
1.563285189854979
1.5633964618651255
1.5635044852327815
1.5636094001772467
1.5637113389628003
1.5638104264549417
1.563906780630599
1.5640005130466959
1.5640917292709835
1.5641805292786395
1.5642670078177623
1.5643512547465732
1.5644333553448486
1.5645133906018478
1.5645914374827836
1.5646675691756782
1.5647418553202657
1.5648143622204485
1.5648851530416708
1.5649542879944394
1.5650218245051197
1.5650878173750173
1.5651523189286773
1.5652153791522414
1.5652770458226346
1.5653373646282787
1.5653963792819783
1.5654541316265622
1.5655106617338188
1.5655660079972147
1.5656202072188508
1.5656732946910648
1.565725304273066
1.5657762684629484
1.565826218465403
1.5658751842554308
1.5659231946383227
1.5659702773061672
1.5660164588911083
1.566061765
1.5661062203397067
1.5661498486060608
1.5661926726819433
1.5662347145993507
1.5662759955927676
1.5663165361349305
1.5663563559706795
1.5663954741490251
1.566433909053531
1.566471678431122
1.5665087994194038
1.5665452885725937
1.5665811618861323
1.566616434820065
1.566651122321255
1.5666852388445016
1.5667187983726247
1.5667518144355712
1.5667843001286033
1.5668162681296147
1.5668477307156288
1.5668786997785167
1.566909186839984
1.5669392030658629
1.5669687592797459
1.5669978659759993
1.5670265333321858
1.5670547712209288
1.5670825892212505
1.5671099966294024
1.567137002469226
1.5671636155020559
1.5671898442361973
1.567215696935996
1.5672411816305178
1.567266306121864
1.5672910779931333
1.567315504616054
1.5673395931582967
1.567363350590486
1.5673867836929263
1.5674098990620533
1.5674327031166235
1.5674552021036585
1.5674774021041478
1.567499309038531
1.5675209286719591
1.567542266619355
1.567563328350273
1.5675841191935744
1.567604644341922
1.5676249088561036
1.5676449176691918
1.567664675590548
1.5676841873096765
1.567703457399934
1.567722490322105
1.5677412904278423
1.567759861962986
1.5677782090707586
1.567796335794848
1.567814246082377
1.567831944
1.5678494326705168
1.5678667164078381
1.5678837985872605
1.567900682714099
1.5679173722128559
1.5679338704295358
1.567950180633882
1.5679663060215376
1.5679822497161313
1.567998014771296
1.5680136041726176
1.568029020839521
1.568044267627091
1.5680593473278366
1.5680742626733952
1.568089016336183
1.5681036109309896
1.568118049016525
1.5681323330969135
1.568146465623142
1.5681604489944632
1.5681742855597507
1.5681879776188175
1.5682015274236878
1.5682149371798335
1.568228209
1.5682413451422164
1.5682543475372204
1.5682672182632478
1.5682799593102414
1.5682925726282455
1.568305060128401
1.5683174236839108
1.568329665130977
1.5683417862697098
1.568353788865009
1.5683656746474222
1.5683774453139756
1.5683891025289818
1.5684006479248247
1.568412083102721
1.5684234096334613
1.568434629058128
1.5684457428887957
1.5684567526092101
1.568467659675448
1.5684784655165596
1.5684891715351925
1.5684997791081985
1.5685102895872245
1.5685207042992861
1.5685310245473263
1.5685412516107584
1.568551386745996
1.5685614311869662
1.5685713861456108
1.5685812528123746
1.5685910323566785
1.568600725927383
1.568610334653237
1.568619859643316
1.5686293019874504
1.5686386627566389
1.5686479430034548
1.5686571437624406
1.5686662660504922
1.5686753108672329
1.5686842791953797
1.5686931720010988
1.568701990234352
1.5687107348292357
1.5687194067043109
1.5687280067629235
1.568736536
1.5687449949699517
1.568753384851774
1.5687617063845378
1.5687699604000729
1.568778147716765
1.5687862691398278
1.5687943254615648
1.5688023174616286
1.5688102459072715
1.5688181115535917
1.5688259151437727
1.568833657409317
1.5688413390702756
1.5688489608354703
1.5688565234027123
1.568864027459015
1.5688714736808025
1.5688788627341113
1.5688861952747912
1.5688934719486975
1.5689006933918817
1.568907860230776
1.568914973082375
1.5689220325544129
1.5689290392455364
1.5689359937454732
1.568942896635199
1.5689497484870976
1.5689565498651208
1.5689633013249413
1.5689700034141059
1.568976656672182
1.5689832616309032
1.5689898188143108
1.5689963287388928
1.5690027919137184
1.5690092088405718
1.5690155800140817
1.5690219059218484
1.5690281870445677
1.5690344238561535
1.569040616823857
1.5690467664083825
1.5690528730640019
1.5690589372386674
1.5690649593741202
1.569070939905998
1.5690768792639407
1.5690827778716914
1.5690886361471996
1.569094454502718
1.5691002333449005
1.569105973074896
1.5691116740884419
1.5691173367759548
1.5691229615226194
1.5691285487084763
1.569134098708507
1.5691396118927186
1.5691450886262253
1.5691505292693289
1.5691559341775991
1.5691613037019494
1.5691666381887135
1.5691719379797209
1.5691772034123679
1.569182434819691
1.569187632530436
1.5691927968691273
1.569197928156136
1.5692030267077446
1.5692080928362135
1.5692131268498442
1.5692181290530418
1.5692230997463763
1.5692280392266427
1.5692329477869207
1.569237825716632
1.5692426733015974
1.5692474908240925
1.5692522785629033
1.5692570367933787
1.5692617657874839
1.5692664658138524
1.569271137137837
1.5692757800215587
1.5692803947239569
1.5692849815008374
1.569289540604919
1.5692940722858801
1.5692985767904049
1.5693030543622275
1.5693075052421759
1.5693119296682159
1.5693163278754925
1.5693207000963723
1.5693250465604838
1.5693293674947586
1.5693336631234696
1.5693379336682707
1.569342179348235
1.5693464003798916
1.5693505969772625
1.5693547693518999
1.5693589177129201
1.5693630422670393
1.5693671432186083
1.5693712207696453
1.569375275
1.5693793064667354
1.5693833150054604
1.5693873009290615
1.569391264428383
1.5693952056921276
1.5693991249068877
1.5694030222571729
1.569406898
1.5694107520921217
1.5694145849356533
1.5694183966325026
1.5694221873571943
1.5694259572823381
1.5694297065786555
1.5694334354150037
1.5694371439584025
1.569440832374059
1.569444500825391
1.569448149474053
1.5694517784799582
1.5694553880013034
1.569458978
1.569462549214649
1.5694661012146616
1.5694696343461816
1.5694731487591569
1.5694766446019506
1.5694801220213623
1.5694835811626486
1.5694870221695425
1.5694904451842742
1.5694938503475904
1.5694972377987737
1.5695006076756615
1.5695039601146643
1.5695072952507851
1.5695106132176364
1.5695139141474588
1.5695171981711382
1.5695204654182233
1.5695237160169428
1.5695269500942215
1.5695301677756974
1.569533369185738
1.5695365544474562
1.5695397236827258
1.569542877012197
1.5695460145553128
1.5695491364303225
1.5695522427542978
1.5695553336431467
1.5695584092116284
1.5695614695733668
1.569564514840866
1.5695675451255218
1.569570560537637
1.569573561186435
1.5695765471800713
1.5695795186256483
1.5695824756292267
1.5695854182958393
1.5695883467295022
1.5695912610332285
1.569594161309039
1.5695970476579748
1.5695999201801092
1.5696027789745588
1.5696056241394953
1.5696084557721564
1.569611273968857
1.5696140788250001
1.569616870435088
1.5696196488927319
1.5696224142906634
1.5696251667207444
1.569627906273977
1.5696306330405143
1.5696333471096693
1.5696360485699254
1.5696387375089456
1.5696414140135824
1.5696440781698866
1.5696467300631172
1.5696493697777496
1.5696519973974854
1.569654613005261
1.5696572166832563
1.5696598085129028
1.5696623885748928
1.5696649569491878
1.5696675137150264
1.5696700589509323
1.5696725927347224
1.5696751151435155
1.5696776262537393
1.569680126141138
1.5696826148807805
1.5696850925470682
1.569687559213741
1.569690014953886
1.569692459839944
1.5696948939437174
1.569697317336376
1.5696997300884648
1.569702132269911
1.569704524
1.569706905197533
1.5697092760805322
1.5697116366665491
1.5697139870225196
1.5697163272148003
1.5697186573091757
1.5697209773708636
1.5697232874645213
1.569725587654252
1.5697278780036101
1.5697301585756074
1.569732429432719
1.569734690636889
1.5697369422495355
1.5697391843315571
1.569741416943338
1.5697436401447529
1.5697458539951734
1.5697480585534722
1.569750253878029
1.5697524400267355
1.569754617057001
1.5697567850257557
1.5697589439894577
1.569761094004097
1.5697632351252002
1.5697653674078358
1.5697674909066182
1.5697696056757127
1.5697717117688406
1.569773809239283
1.5697758981398857
1.5697779785230639
1.5697800504408053
1.5697821139446764
1.569784169085825
1.5697862159149854
1.5697882544824828
1.5697902848382361
1.5697923070317634
1.5697943211121856
1.5697963271282296