0.7597627548757708
0.7598153672788333
0.7598679744225438
0.7599205763074002
0.7599731729338995
0.7600257643025397
0.7600783504138178
0.7601309312682315
0.7601835068662783
0.7602360772084558
0.7602886422952615
0.7603412021271931
0.7603937567047481
0.760446306
0.7604988500987186
0.7605513889161295
0.7606039224811543
0.7606564507942907
0.7607089738560364
0.7607614916668892
0.7608140042273467
0.7608665115379067
0.7609190135990669
0.7609715104113252
0.7610240019751792
0.7610764882911268
0.7611289693596659
0.7611814451812943
0.7612339157565097
0.7612863810858103
0.7613388411696935
0.7613912960086577
0.7614437456032006
0.7614961899538201
0.7615486290610142
0.7616010629252807
0.7616534915471179
0.7617059149270237
0.761758333
0.7618107459630328
0.7618631536201322
0.7619155560372923
0.7619679532150112
0.762020345
0.7620727318541177
0.7621251133165015
0.7621774895414365
0.7622298605294209
0.7622822262809527
0.7623345867965303
0.7623869420766518
0.7624392921218154
0.7624916369325194
0.762543977
0.7625963108525414
0.76264864
0.7627009638407041
0.7627532824865837
0.7628055959009935
0.7628579040844317
0.7629102070373964
0.7629625047603864
0.7630147972538999
0.7630670845184352
0.7631193665544906
0.7631716433625649
0.7632239149431562
0.7632761812967631
0.7633284424238841
0.7633806983250175
0.763432949
0.7634851944513161
0.7635374346774781
0.7635896696796468
0.7636418994583206
0.7636941240139982
0.763746343
0.7637985574583586
0.7638507663480387
0.76390297
0.7639551684648921
0.7640073616930625
0.76405955
0.7641117324913842
0.7641639100625328
0.7642160824156716
0.7642682495512994
0.7643204114699147
0.7643725681720164
0.7644247196581031
0.7644768659286738
0.7645290069842271
0.764581143
0.7646332734522772
0.7646853988657714
0.7647375190662437
0.7647896340541928
0.7648417438301176
0.764893848
0.7649459477478899
0.7649980418907352
0.7650501308235518
0.7651022145468387
0.7651542930610948
0.7652063663668192
0.7652584344645106
0.7653104973546683
0.765362555
0.765414608
0.7654666547849281
0.7655186968499406
0.7655707337099144
0.7656227653653485
0.765674792
0.7657268130645941
0.765778829
0.7658308399516705
0.765882846
0.7659348460305705
0.7659868412682023
0.7660388313052875
0.7660908161423252
0.7661427957798148
0.7661947702182552
0.7662467394581459
0.7662987034999861
0.766350662
0.7664026159915117
0.7664545644421957
0.7665065076968263
0.7665584457559026
0.766610379
0.7666623062893898
0.7667142287647993
0.766766146
0.7668180581354472
0.7668699650316841
0.7669218667358625
0.7669737632484812
0.767025655
0.7670775407010383
0.7671294216419753
0.7671812973933507
0.7672331679556639
0.7672850333294141
0.7673368935151013
0.7673887485132245
0.7674405983242834
0.7674924429487774
0.7675442823872061
0.7675961166400691
0.7676479457078659
0.76769977
0.7677515882902591
0.7678034018058547
0.7678552101383823
0.7679070132883415
0.7679588112562322
0.7680106040425537
0.7680623916478059
0.7681141740724882
0.7681659513171003
0.7682177233821421
0.7682694902681131
0.7683212519755129
0.7683730085048414
0.7684247598565982
0.768476506
0.7685282470293957
0.7685799828514358
0.7686317134979034
0.7686834389692979
0.7687351592661194
0.7687868743888674
0.7688385843380418
0.7688902891141425
0.7689419887176693
0.768993683
0.7690453724090005
0.7690970564978045
0.769148735
0.7692004091641889
0.7692520777427688
0.7693037411522741
0.7693553993932043
0.7694070524660593
0.7694587003713395
0.7695103431095442
0.7695619806811739
0.7696136130867282
0.7696652403267071
0.7697168624016107
0.769768479
0.7698200910581919
0.7698716976408695
0.7699232990604717
0.7699748953174986
0.7700264864124503
0.7700780723458267
0.770129653
0.7701812287298542
0.7702327991815053
0.7702843644735815
0.770335925
0.7703874795810096
0.7704390293973616
0.7704905740561392
0.7705421135578424
0.7705936479029714
0.7706451770920263
0.7706967011255074
0.7707482200039147
0.7707997337277485
0.7708512422975089
0.7709027457136961
0.7709542439768104
0.7710057370873521
0.7710572250458212
0.771108708
0.7711601855085429
0.7712116580137961
0.7712631253689777
0.771314588
0.7713660446311276
0.7714174965390964
0.7714689432989948
0.7715203849113234
0.7715718213765821
0.7716232526952715
0.7716746788678919
0.7717260998949435
0.7717775157769268
0.7718289265143421
0.7718803321076897
0.7719317325574702
0.7719831278641838
0.7720345180283309
0.772085903
0.7721372829309275
0.7721886576703777
0.7722400272692632
0.7722913917280844
0.7723427510473416
0.7723941052275354
0.7724454542691662
0.7724967981727345
0.7725481369387408
0.7725994705676856
0.7726507990600694
0.7727021224163926
0.7727534406371557
0.7728047537228594
0.7728560616740041
0.7729073644910904
0.7729586621746187
0.7730099547250898
0.7730612421430041
0.7731125244288621
0.7731638015831646
0.773215074
0.7732663404991049
0.773317602
0.7733688588948298
0.7734201103988629
0.7734713567743441
0.7735225980217739
0.7735738341416529
0.7736250651344818
0.7736762910007613
0.7737275117409921
0.7737787273556747
0.7738299378453097
0.7738811432103981
0.7739323434514404
0.7739835385689373
0.7740347285633895
0.7740859134352978
0.7741370931851628
0.7741882678134853
0.7742394373207659
0.7742906017075056
0.7743417609742049
0.7743929151213647
0.7744440641494856
0.7744952080590686
0.7745463468506143
0.7745974805246235
0.774648609
0.7746997325220357
0.7747508508464402
0.7748019640553115
0.7748530721491503
0.7749041751284576
0.7749552729937339
0.7750063657454803
0.7750574533841975
0.7751085359103864
0.775159613
0.7752106856271828
0.775261753
0.7753128148998764
0.7753638718709367
0.7754149237324741
0.7754659704849892
0.775517012
0.7755680486649565
0.7756190800934105
0.7756701064148459
0.7757211276297638
0.7757721437386649
0.7758231547420502
0.7758741606404208
0.7759251614342775
0.7759761571241212
0.7760271477104529
0.7760781331937737
0.7761291135745844
0.7761800888533861
0.7762310590306797
0.7762820241069663
0.7763329840827468
0.7763839389585221
0.7764348887347934
0.7764858334120616
0.7765367729908278
0.7765877074715929
0.776638637
0.7766895611411242
0.7767404803308924
0.7767913944246637
0.7768423034229393
0.7768932073262199
0.776944106
0.7769949998498012
0.777045888
0.7770967719994163
0.77714765
0.7771985237790735
0.7772493920314207
0.7773002551927818
0.7773511132636578
0.7774019662445498
0.777452814
0.7775036569383865
0.7775544946523335
0.7776053272783009
0.777656155
0.7777069772683018
0.7777577946333376
0.7778086069123985
0.7778594141059857
0.7779102162146002
0.7779610132387433
0.7780118051789161
0.7780625920356198
0.7781133738093554
0.7781641505006244
0.7782149221099278
0.7782656886377668
0.7783164500846426
0.7783672064510563
0.7784179577375093
0.7784687039445026
0.7785194450725376
0.7785701811221154
0.7786209120937372
0.7786716379879043
0.7787223588051179
0.7787730745458792
0.7788237852106894
0.7788744908000498
0.7789251913144617
0.7789758867544262
0.7790265771204447
0.7790772624130183
0.7791279426326484
0.7791786177798362
0.779229288
0.7792799528588901
0.7793306127917585
0.7793812676541899
0.7794319174466853
0.7794825621697461
0.7795332018238734
0.7795838364095689
0.7796344659273334
0.7796850903776685
0.7797357097610755
0.7797863240780557
0.7798369333291102
0.7798875375147406
0.779938137
0.7799887306917339
0.7800393196840995
0.7800899036130462
0.7801404824790752
0.7801910562826879
0.7802416250243858
0.780292189
0.780342747
0.7803933008830031
0.7804438493820546
0.780494393
0.7805449312024344
0.7805954645247654
0.7806459927891922
0.7806965159962163
0.780747034
0.7807975472400617
0.7808480552778857
0.7808985582603124
0.7809490561878433
0.7809995490609796
0.7810500368802228
0.7811005196460743
0.7811509973590354
0.7812014700196075
0.7812519376282921
0.7813024001855906
0.7813528576920042
0.7814033101480344
0.7814537575541828
0.7815041999109505
0.7815546372188392
0.7816050694783501
0.7816554966899847
0.7817059188542445
0.7817563359716306
0.7818067480426448
0.7818571550677884
0.7819075570475627
0.7819579539824693
0.7820083458730095
0.7820587327196847
0.7821091145229966
0.7821594912834464
0.7822098630015355
0.7822602296777655
0.7823105913126378
0.7823609479066538
0.782411299
0.7824616459741227
0.7825119874485786
0.782562324
0.7826126552814404
0.7826629816408491
0.7827133029629119
0.7827636192481298
0.7828139304970047
0.7828642367100377
0.7829145378877305
0.7829648340305846
0.7830151251391012
0.783065411
0.7831156922551284
0.7831659682636418
0.7832162392398239
0.7832665051841758
0.7833167660971994
0.7833670219793959
0.7834172728312668
0.7834675186533137
0.7835177594460379
0.783567995
0.7836182259455245
0.7836684516532898
0.7837186723337385
0.7837688879873721
0.7838190986146919
0.7838693042161995
0.7839195047923964
0.7839697
0.7840198908708639
0.7840700763741375
0.7841202568541064
0.784170432
0.7842206027461359
0.7842707681591996
0.7843209285509644
0.7843710839219319
0.7844212342726037
0.7844713796034811
0.7845215199150657
0.7845716552078592
0.7846217854823627
0.7846719107390779
0.7847220309785065
0.7847721462011497
0.784822256
0.784872362
0.7849224617733823
0.7849725569338993
0.7850226470801386
0.7850727322126014
0.7851228123317896
0.7851728874382043
0.7852229575323475
0.7852730226147202
0.7853230826858242
0.7853731377461609
0.7854231877962319
0.7854732328365386
0.7855232728675824
0.7855733078898651
0.785623338
0.7856733629101527
0.7857233829091606
0.7857733979014131
0.785823408
0.7858734128676587
0.7859234128426545
0.7859734078129011
0.7860233977789001
0.7860733827411528
0.7861233627001606
0.7861733376564254
0.7862233076104482
0.7862732725627309
0.7863232325137748
0.7863731874640816
0.7864231374141525
0.7864730823644892
0.7865230223155931
0.7865729572679658
0.7866228872221087
0.7866728121785234
0.7867227321377113
0.7867726471001738
0.7868225570664126
0.7868724620369292
0.7869223620122248
0.7869722569928012
0.7870221469791596
0.7870720319718019
0.7871219119712292
0.7871717869779432
0.7872216569924452
0.7872715220152369
0.7873213820468197
0.787371237
0.7874210871383643
0.7874709321993291
0.7875207722710911
0.7875706073541513
0.7876204374490117
0.7876702625561732
0.7877200826761379
0.787769898
0.7878197079564817
0.7878695131178639
0.7879193132940547
0.7879691084855559
0.7880188986928687
0.7880686839164946
0.7881184641569353
0.7881682394146919
0.7882180096902662
0.7882677749841595
0.7883175352968732
0.7883672906289088
0.7884170409807678
0.7884667863529515
0.7885165267459615
0.7885662621602993
0.7886159925964662
0.7886657180549637
0.7887154385362931
0.788765154
0.7888148645694538
0.7888645701222881
0.788914271
0.7889639663029712
0.789013657
0.7890633425870168
0.7891130232690541
0.7891626989784363
0.7892123697156648
0.789262035
0.7893116962756664
0.7893613520994424
0.7894110029530702
0.7894606488370516
0.7895102897518876
0.7895599256980799
0.7896095566761296
0.7896591826865386
0.7897088037298077
0.7897584198064387
0.7898080309169329
0.7898576370617915
0.7899072382415162
0.789956834
0.7900064257075687
0.7900560119948994
0.7901055933191017
0.7901551696806767
0.7902047410801258
0.7902543075179506
0.7903038689946522
0.7903534255107322
0.7904029770666917
0.7904525236630323
0.7905020653002552
0.7905516019788619
0.7906011336993536
0.7906506604622315
0.7907001822679974
0.7907496991171522
0.7907992110101975
0.7908487179476343
0.7908982199299643
0.7909477169576888
0.7909972090313088
0.791046696
0.7910961783182413
0.7911456555325563
0.7911951277947723
0.7912445951053906
0.7912940574649123
0.791343515
0.7913929673326718
0.791442415
0.791491857
0.7915412950136198
0.7915907276770902
0.7916401553929728
0.7916895781617694
0.7917389959839811
0.7917884088601091
0.7918378167906549
0.7918872197761194
0.7919366178170042
0.7919860109138102
0.7920353990670389
0.7920847822771915
0.7921341605447693
0.7921835338702733
0.7922329022542048
0.7922822656970653
0.7923316241993557
0.7923809777615775
0.7924303263842315
0.7924796700678194
0.792529009
0.7925783426198009
0.7926276714891969
0.7926769954215314
0.7927263144173056
0.7927756284770205
0.7928249376011776
0.7928742417902778
0.7929235410448224
0.7929728353653125
0.7930221247522493
0.7930714092061341
0.7931206887274678
0.7931699633167517
0.7932192329744868
0.7932684977011746
0.7933177574973157
0.7933670123634117
0.7934162622999635
0.7934655073074723
0.7935147473864392
0.7935639825373653
0.7936132127607517
0.7936624380570995
0.7937116584269097
0.7937608738706836
0.7938100843889223
0.7938592899821267
0.7939084906507979
0.7939576863954372
0.7940068772165454
0.7940560631146236
0.794105244
0.7941544201436946
0.7942035912756894
0.7942527574866586
0.794301919
0.7943510751475237
0.7944002265984219
0.7944493731302984
0.7944985147436544
0.7945476514389908
0.7945967832168087
0.7946459100776091
0.7946950320218927
0.794744149
0.7947932611629146
0.7948423683606546
0.794891471
0.7949405680130978
0.7949896604688028
0.7950387480114981
0.7950878306416848
0.7951369083598635
0.7951859811665354
0.7952350490622012
0.7952841120473622
0.7953331701225189
0.7953822232881727
0.795431272
0.7954803148929741
0.7955293533331238
0.7955783868657738
0.7956274154914252
0.7956764392105788
0.7957254580237356
0.7957744719313964
0.795823481
0.7958724850322333
0.7959214842264111
0.7959704785170965
0.796019468
0.7960684523899926
0.7961174319732051
0.7961664066549284
0.7962153764356634
0.7962643413159106
0.7963133012961711
0.7963622563769455
0.7964112065587347
0.7964601518420394
0.7965090922273605
0.7965580277151988
0.7966069583060549
0.7966558840004296
0.7967048047988239
0.7967537207017383
0.7968026317096735
0.7968515378231303
0.7969004390426095
0.7969493353686119
0.796998227
0.7970471133421887
0.7970959949907646
0.7971448717478663
0.7971937436139946
0.7972426105896502
0.7972914726753338
0.79734033
0.7973891821787875
0.79743803
0.797486872
0.7975357097716943
0.7975845425280593
0.79763337
0.7976821933818876
0.7977310114803521
0.7977798246938509
0.7978286330228846
0.7978774364679537
0.7979262350295592
0.7979750287082013
0.7980238175043805
0.7980726014185976
0.7981213804513531
0.7981701546031476
0.7982189238744813
0.7982676882658553
0.7983164477777698
0.7983652024107252
0.7984139521652223
0.7984626970417613
0.798511437
0.7985601721629677
0.798608902
0.7986576277783483
0.798706348
0.7987550638919068
0.7988037746367538
0.7988524805076468
0.7989011815050859
0.7989498776295719
0.7989985688816049
0.7990472552616855
0.7990959367703141
0.7991446134079909
0.7991932851752166
0.7992419520724913
0.7992906141003157
0.7993392712591897
0.7993879235496141
0.7994365709720889
0.7994852135271148
0.7995338512151919
0.7995824840368205
0.7996311119925011
0.7996797350827338
0.7997283533080192
0.7997769666688572
0.7998255751657485
0.7998741787991931
0.7999227775696912
0.7999713714777434
0.8000199605238496
0.8000685447085104
0.8001171240322257
0.8001656984954959
0.8002142680988212
0.8002628328427019
0.8003113927276381
0.8003599477541299
0.8004084979226777
0.8004570432337815
0.8005055836879416
0.800554119
0.8006026500274311
0.8006511759137608
0.8006996969451475
0.8007482131220911
0.8007967244450918
0.8008452309146497
0.8008937325312647
0.8009422292954373
0.8009907212076672
0.8010392082684549
0.8010876904783002
0.8011361678377029
0.8011846403471636
0.801233108
0.8012815708182581
0.8013300287808921
0.8013784818955839
0.8014269301628335
0.801475374
0.8015238121570063
0.8015722458849294
0.8016206747674103
0.8016690988049487
0.801717518
0.8017659323471987
0.8018143418529102
0.8018627465156789
0.8019111463360052
0.8019595413143887
0.8020079314513293
0.802056317
0.8021046972028817
0.8021530728184931
0.8022014435946612
0.8022498095318857
0.8022981706306668
0.8023465268915038
0.8023948783148969
0.8024432249013457
0.8024915666513502
0.802539904
0.802588236
0.8026365628876949
0.8026848852969196
0.8027332028721988
0.802781516
0.8028298235229193
0.8028781265993601
0.8029264248438543
0.8029747182569016
0.8030230068390016
0.8030712905906541
0.8031195695123587
0.8031678436046151
0.8032161128679228
0.8032643773027817
0.8033126369096912
0.8033608916891511
0.8034091416416609
0.8034573867677203
0.8035056270678289
0.8035538625424861
0.8036020931921917
0.803650319
0.8036985400187459
0.8037467561965935
0.8037949675514878
0.8038431740839281
0.8038913757944138
0.8039395726834446
0.8039877647515199
0.8040359519991392
0.8040841344268019
0.8041323120350077
0.8041804848242556
0.8042286527950456
0.8042768159478767
0.8043249742832486
0.8043731278016604
0.8044212765036116
0.8044694203896019
0.8045175594601303
0.8045656937156963
0.8046138231567992
0.8046619477839385
0.8047100675976134
0.8047581825983232
0.8048062927865673
0.8048543981628449
0.8049024987276554
0.8049505944814981
0.8049986854248722
0.8050467715582769
0.8050948528822115
0.8051429293971752
0.8051910011036674
0.8052390680021871
0.8052871300932335
0.805335187
0.8053832398549037
0.8054312875265257
0.8054793303926712
0.8055273684538392
0.8055754017105291
0.8056234301632399
0.8056714538124707
0.8057194726587206
0.8057674867024888
0.8058154959442742
0.8058635003845759
0.8059115000238932
0.8059594948627248
0.806007485
0.8060554701409276
0.806103451
0.8061514262231766
0.806199397
0.8062473631134638
0.806295324
0.8063432808157808
0.8063912324726978
0.8064391793341193
0.8064871214005439
0.8065350586724707
0.8065829911503984
0.8066309188348262
0.8066788417262527
0.8067267598251768
0.8067746731320976
0.8068225816475135
0.8068704853719239
0.806918384
0.806966278
0.8070141678041075
0.8070620523694825
0.8071099321463455
0.8071578071351955
0.807205677
0.8072535427508509
0.8073014033786541
0.8073492592204388
0.8073971102767041
0.8074449565479487
0.807492798
0.8075406347373698
0.8075884666565437
0.8076362937926915
0.8076841161463116
0.8077319337179029
0.8077797465079636
0.8078275545169927
0.8078753577454885
0.8079231561939496
0.8079709498628747
0.808018739
0.8080665228641105
0.8081143021974183
0.8081620767531842
0.8082098465319063
0.8082576115340836
0.8083053717602142
0.8083531272107966
0.8084008778863293
0.8084486237873106
0.8084963649142393
0.8085441012676132
0.8085918328479312
0.8086395596556915
0.8086872816913923
0.8087349989555321
0.8087827114486091
0.808830419
0.8088781221235687
0.8089258203064477
0.8089735137202572
0.8090212023654956
0.809068886
0.8091165653522516
0.8091642396947659
0.809211909
0.809259574
0.8093072341248321
0.8093548894040227
0.8094025399186277
0.8094501856691455
0.8094978266560741
0.8095454628799115
0.8095930943411561
0.8096407210403058
0.8096883429778589
0.80973596
0.8097835725701669