-1.1071487177940904
-1.1063466325439977
-1.1055419708337295
-1.1047347212761918
-1.1039248724244202
-1.1031124127712528
-1.1022973307490016
-1.1014796147291215
-1.1006592530218793
-1.0998362338760201
-1.0990105454784338
-1.0981821759538184
-1.0973511133643434
-1.0965173457093125
-1.0956808609248212
-1.094841646883419
-1.0939996913937649
-1.093154982200284
-1.0923075069828239
-1.0914572533563072
-1.0906042088703842
-1.089748361009085
-1.0888896971904687
-1.0880282047662724
-1.0871638710215585
-1.0862966831743626
-1.0854266283753358
-1.0845536937073916
-1.0836778661853468
-1.082799132755564
-1.0819174802955915
-1.0810328956138033
-1.0801453654490374
-1.0792548764702312
-1.0783614152760606
-1.077464968394572
-1.076565522282819
-1.0756630633264925
-1.0747575778395555
-1.0738490520638715
-1.072937472168836
-1.0720228242510055
-1.0711050943337248
-1.0701842683667546
-1.0692603322258984
-1.0683332717126268
-1.0674030725537031
-1.066469720400807
-1.0655332008301568
-1.0645934993421329
-1.0636506013608986
-1.0627044922340216
-1.0617551572320931
-1.0608025815483486
-1.0598467502982865
-1.0588876485192853
-1.0579252611702235
-1.0569595731310957
-1.0559905692026288
-1.0550182341059002
-1.0540425524819523
-1.0530635088914084
-1.052081087814089
-1.0510952736486248
-1.0501060507120736
-1.0491134032395335
-1.0481173153837575
-1.0471177712147681
-1.0461147547194705
-1.045108249801268
-1.0440982402796755
-1.0430847098899325
-1.0420676422826194
-1.0410470210232707
-1.04002282959199
-1.0389950513830637
-1.0379636697045778
-1.0369286677780327
-1.0358900287379587
-1.0348477356315333
-1.033801771418197
-1.0327521189692719
-1.031698761067579
-1.0306416804070575
-1.0295808595923845
-1.0285162811385953
-1.0274479274707047
-1.0263757809233296
-1.0252998237403124
-1.0242200380743451
-1.023136405986596
-1.0220489094463354
-1.020957530330565
-1.0198622504236468
-1.018763051416935
-1.017659914908409
-1.0165528224023064
-1.0154417553087614
-1.0143266949434409
-1.0132076225271858
-1.012084519185652
-1.0109573659489557
-1.0098261437513183
-1.0086908334307165
-1.0075514157285317
-1.0064078712892044
-1.0052601806598906
-1.0041083242901196
-1.0029522825314567
-1.0017920356371661
-1.0006275637618804
-0.9994588469612699
-0.9982858651917164
-0.9971085983099918
-0.9959270260729376
-0.9947411281371499
-0.9935508840586674
-0.9923562732926634
-0.9911572751931419
-0.9899538690126377
-0.9887460339019207
-0.9875337489097049
-0.9863169929823619
-0.9850957449636383
-0.9838699835943794
-0.9826396875122565
-0.9814048352515005
-0.9801654052426392
-0.9789213758122424
-0.9776727251826701
-0.9764194314718281
-0.9751614726929294
-0.9738988267542606
-0.9726314714589565
-0.9713593845047785
-0.9700825434839029
-0.9688009258827127
-0.9675145090815993
-0.9662232703547693
-0.9649271868700598
-0.9636262356887608
-0.9623203937654459
-0.9610096379478102
-0.9596939449765175
-0.9583732914850546
-0.9570476539995951
-0.9557170089388722
-0.95438133261406
-0.953040601228664
-0.9516947908784218
-0.9503438775512129
-0.9489878371269791
-0.947626645377655
-0.9462602779671078
-0.9448887104510899
-0.9435119182772012
-0.9421298767848623
-0.9407425612053008
-0.9393499466615473
-0.9379520081684453
-0.9365487206326724
-0.9351400588527746
-0.933725997519213
-0.9323065112144241
-0.9308815744128933
-0.9294511614812431
-0.9280152466783333
-0.9265738041553787
-0.9251268079560782
-0.9236742320167612
-0.9222160501665492
-0.9207522361275314
-0.9192827635149589
-0.9178076058374526
-0.91632673649723
-0.9148401287903477
-0.9133477559069624
-0.9118495909316083
-0.9103456068434943
-0.908835776516818
-0.9073200727211003
-0.9057984681215381
-0.9042709352793774
-0.9027374466523055
-0.901197974594865
-0.8996524913588878
-0.8981009690939505
-0.8965433798478519
-0.8949796955671121
-0.8934098880974946
-0.8918339291845513
-0.8902517904741908
-0.8886634435132709
-0.8870688597502151
-0.8854680105356538
-0.8838608671230921
-0.8822474006696008
-0.8806275822365366
-0.8790013827902863
-0.8773687732030402
-0.8757297242535929
-0.8740842066281702
-0.8724321909212884
-0.8707736476366397
-0.8691085471880079
-0.8674368599002167
-0.8657585560101055
-0.864073605667539
-0.8623819789364471
-0.8606836457958986
-0.8589785761412072
-0.8572667397850712
-0.8555481064587469
-0.8538226458132575
-0.8520903274206371
-0.8503511207752102
-0.8486049952949085
-0.8468519203226235
-0.845091865127598
-0.8433247989068557
-0.8415506907866696
-0.8397695098240693
-0.83798122500839
-0.8361858052628608
-0.8343832194462354
-0.832573436354465
-0.8307564247224133
-0.8289321532256153
-0.8271005904820806
-0.8252617050541404
-0.8234154654503418
-0.821561840127386
-0.819700797492115
-0.8178323059035448
-0.8159563336749478
-0.814072849075983
-0.8121818203348765
-0.8102832156406522
-0.808377003145413
-0.806463150966675
-0.8045416271897523
-0.802612399870197
-0.8006754370362908
-0.7987307066915941
-0.7967781768175469
-0.7948178153761299
-0.7928495903125784
-0.7908734695581564
-0.788889421032988
-0.7868974126489482
-0.7848974123126129
-0.7828893879282703
-0.7808733074009924
-0.7788491386397695
-0.7768168495607072
-0.7747764080902863
-0.7727277821686879
-0.7706709397531823
-0.768605848821585
-0.7665324773757776
-0.7644507934452968
-0.7623607650909919
-0.7602623604087492
-0.7581555475332866
-0.7560402946420198
-0.7539165699589963
-0.7517843417589031
-0.7496435783711463
-0.7474942481840026
-0.7453363196488458
-0.7431697612844463
-0.7409945416813467
-0.7388106295063118
-0.7366179935068556
-0.7344166025158464
-0.7322064254561862
-0.7299874313455725
-0.7277595893013352
-0.7255228685453556
-0.7232772384090637
-0.7210226683385168
-0.7187591278995603
-0.7164865867830676
-0.7142050148102653
-0.7119143819381387
-0.7096146582649218
-0.7073058140356716
-0.7049878196479248
-0.7026606456574414
-0.7003242627840307
-0.6979786419174661
-0.6956237541234827
-0.6932595706498629
-0.6908860629326082
-0.6885032026021974
-0.6861109614899323
-0.6837093116343713
-0.6812982252878489
-0.6788776749230856
-0.676447633239883
-0.674008073171909
-0.6715589678935708
-0.6691002908269746
-0.6666320156489767
-0.6641541162983188
-0.6616665669828559
-0.6591693421868687
-0.6566624166784664
-0.6541457655170758
-0.6516193640610193
-0.6490831879751799
-0.6465372132387526
-0.6439814161530834
-0.6414157733495953
-0.6388402617977984
-0.6362548588133872
-0.6336595420664223
-0.6310542895895958
-0.6284390797865822
-0.6258138914404703
-0.6231787037222789
-0.6205334961995533
-0.6178782488450425
-0.615212942045457
-0.6125375566103033
-0.6098520737807992
-0.6071564752388623
-0.6044507431161767
-0.6017348600033328
-0.5990088089590389
-0.5962725735194072
-0.5935261377073068
-0.5907694860417869
-0.5880026035475676
-0.5852254757645938
-0.5824380887576557
-0.5796404291260681
-0.5768324840134117
-0.5740142411173326
-0.5711856886993949
-0.5683468155949913
-0.5654976112233017
-0.5626380655973032
-0.5597681693338263
-0.5568879136636558
-0.553997290441674
-0.5510962921570428
-0.5481849119434229
-0.5452631435892265
-0.5423309815479012
-0.5393884209482428
-0.5364354576047312
-0.5334720880278905
-0.5304983094346656
-0.5275141197588153
-0.5245195176613182
-0.5215145025407837
-0.5184990745438723
-0.5154732345757134
-0.5124369843103217
-0.5093903262010084
-0.5063332634907792
-0.5032658002227206
-0.5001879412503649
-0.49709969224803435
-0.4940010597211578
-0.4908920510165541
-0.4877726743326816
-0.484642938729845
-0.4815028541403586
-0.47835243137865757
-0.47519168215135565
-0.47202061906724285
-0.4688392556472167
-0.4656476063341458
-0.4624456865026563
-0.45923351246883826
-0.4560111014998679
-0.45277847182353587
-0.44953564263768153
-0.4462826341195232
-0.4430194674348813
-0.4397461647472889
-0.43646274922698075
-0.4331692450597603
-0.4298656774557328
-0.42655207265790374
-0.42322845795063435
-0.4198948616679466
-0.416551313201676
-0.4131978430094606
-0.40983448262256533
-0.4064612646535323
-0.40307822280365013
-0.3996853918702409
-0.39628280775375113
-0.3928705074646477
-0.3894485291301083
-0.38601691200049987
-0.38257569645564216
-0.3791249240108456
-0.3756646373227207
-0.3721948801947522
-0.3687156975826285
-0.3652271355993253
-0.36172924151993213
-0.3582220637862201
-0.3547056520109404
-0.3511800569818508
-0.34764533066546355
-0.3441015262105053
-0.34054869795108933
-0.33698690140958704
-0.33341619329919864
-0.3298366315262154
-0.326248275191965
-0.3226511845944402
-0.319045421229599
-0.3154310477923359
-0.3118081281771172
-0.308176727478273
-0.304536911989946
-0.3008887492056861
-0.29723230781769117
-0.2935676577156873
-0.2898948699854422
-0.28621401690691173
-0.282525171952011
-0.2788284097820089
-0.27512380624454247
-0.2714114383702434
-0.26769138436898016
-0.26396372362570447
-0.26022853669590695
-0.25648590530067206
-0.2527359123213349
-0.24897864179373566
-0.2452141789020668
-0.24144260997231715
-0.2376640224653041
-0.23387850496929777
-0.23008614719223414
-0.22628703995351368
-0.22248127517539007
-0.21866894587394203
-0.21485014614963366
-0.2110249711774607
-0.2071935171966811
-0.20335588150013598
-0.1995121624231548
-0.19566245933205173
-0.19180687261221216
-0.18794550365576906
-0.18407845484887617
-0.18020582955857412
-0.17632773211925712
-0.17244426781874117
-0.16855554288393418
-0.16466166446611738
-0.16076274062583484
-0.15685888031740036
-0.15295019337302432
-0.14903679048656215
-0.14511878319689528
-0.14119628387094274
-0.1372694056863145
-0.13333826261360987
-0.12940296939836488
-0.1254636415426601
-0.12152039528638904
-0.11757334758820026
-0.11362261610611427
-0.10966831917782723
-0.10571057580070733
-0.10174950561148927
-0.09778522886568036
-0.0938178664166802
-0.08984753969462769
-0.08587437068498217
-0.08189848190684533
-0.07791999639103887
-0.07393903765794045
-0.06995572969509327
-0.06597019693459691
-0.06198256423028718
-0.057992956834720756
-0.0540015003759684
-0.05000832083423277
-0.04601354451829934
-0.042017298041829146
-0.03801970829950979
-0.03402090244306919
-0.030021007857168918
-0.02602015213518621
-0.022018463054893914
-0.018016068554055385
-0.014013096705939173
-0.010009675694772197
-0.006005933791136331
-0.0020019993273256956
0.0020019993273259176
0.006005933791136331
0.010009675694772197
0.014013096705939173
0.018016068554055163
0.022018463054894136
0.02602015213518621
0.030021007857168918
0.03402090244306897
0.03801970829950957
0.04201729804182937
0.04601354451829934
0.05000832083423277
0.05400150037596818
0.057992956834720534
0.061982564230287404
0.06597019693459691
0.06995572969509327
0.07393903765794023
0.07791999639103865
0.08189848190684555
0.08587437068498217
0.08984753969462769
0.09381786641667998
0.09778522886568014
0.10174950561148949
0.10571057580070733
0.10966831917782723
0.11362261610611404
0.11757334758820004
0.12152039528638926
0.1254636415426601
0.12940296939836488
0.13333826261360968
0.1372694056863143
0.14119628387094274
0.14511878319689528
0.14903679048656215
0.15295019337302412
0.15685888031740014
0.16076274062583484
0.16466166446611738
0.16855554288393418
0.17244426781874095
0.17632773211925692
0.18020582955857412
0.18407845484887617
0.18794550365576906
0.19180687261221196
0.19566245933205195
0.1995121624231548
0.20335588150013598
0.2071935171966811
0.21102497117746047
0.21485014614963388
0.21866894587394203
0.22248127517539007
0.22628703995351368
0.23008614719223391
0.23387850496929796
0.2376640224653041
0.24144260997231715
0.2452141789020668
0.24897864179373544
0.25273591232133513
0.25648590530067206
0.26022853669590695
0.26396372362570447
0.26769138436897993
0.2714114383702436
0.27512380624454247
0.2788284097820089
0.28252517195201077
0.28621401690691156
0.2898948699854424
0.2935676577156873
0.29723230781769117
0.30088874920568587
0.30453691198994576
0.3081767274782732
0.3118081281771172
0.3154310477923359
0.31904542122959884
0.32265118459444
0.3262482751919652
0.3298366315262154
0.33341619329919864
0.3369869014095868
0.34054869795108916
0.3441015262105055
0.34764533066546355
0.3511800569818508
0.3547056520109402
0.3582220637862199
0.36172924151993235
0.3652271355993253
0.3687156975826285
0.372194880194752
0.3756646373227205
0.3791249240108456
0.38257569645564216
0.38601691200049987
0.38944852913010813
0.3928705074646475
0.39628280775375113
0.3996853918702409
0.40307822280365013
0.40646126465353205
0.4098344826225655
0.4131978430094606
0.416551313201676
0.4198948616679466
0.4232284579506342
0.4265520726579039
0.4298656774557328
0.4331692450597603
0.43646274922698075
0.4397461647472887
0.44301946743488146
0.4462826341195232
0.44953564263768153
0.45277847182353587
0.45601110149986773
0.4592335124688384
0.4624456865026563
0.4656476063341458
0.4688392556472167
0.4720206190672427
0.4751916821513558
0.47835243137865757
0.4815028541403586
0.484642938729845
0.48777267433268146
0.49089205101655425
0.4940010597211578
0.49709969224803435
0.5001879412503647
0.5032658002227205
0.5063332634907795
0.5093903262010084
0.5124369843103217
0.5154732345757131
0.5184990745438721
0.5215145025407838
0.5245195176613182
0.5275141197588153
0.5304983094346655
0.5334720880278904
0.5364354576047313
0.5393884209482428
0.5423309815479012
0.5452631435892263
0.5481849119434228
0.5510962921570429
0.553997290441674
0.5568879136636558
0.5597681693338261
0.562638065597303
0.5654976112233018
0.5683468155949913
0.5711856886993949
0.5740142411173323
0.5768324840134116
0.5796404291260681
0.5824380887576557
0.5852254757645938
0.5880026035475674
0.5907694860417867
0.5935261377073068
0.5962725735194072
0.5990088089590389
0.6017348600033325
0.6044507431161765
0.6071564752388623
0.6098520737807992
0.6125375566103033
0.6152129420454568
0.6178782488450427
0.6205334961995533
0.6231787037222789
0.6258138914404703
0.628439079786582
0.6310542895895959
0.6336595420664223
0.6362548588133872
0.6388402617977984
0.6414157733495952
0.6439814161530836
0.6465372132387526
0.6490831879751799
0.6516193640610193
0.6541457655170756
0.6566624166784665
0.6591693421868687
0.6616665669828559
0.6641541162983188
0.6666320156489765
0.6691002908269748
0.6715589678935708
0.674008073171909
0.6764476332398829
0.6788776749230855
0.681298225287849
0.6837093116343713
0.6861109614899323
0.6885032026021973
0.690886062932608
0.693259570649863
0.6956237541234827
0.6979786419174661
0.7003242627840306
0.7026606456574411
0.704987819647925
0.7073058140356716
0.7096146582649218
0.7119143819381386
0.7142050148102652
0.7164865867830678
0.7187591278995603
0.7210226683385168
0.7232772384090635
0.7255228685453555
0.7277595893013354
0.7299874313455725
0.7322064254561862
0.7344166025158463
0.7366179935068555
0.7388106295063118
0.7409945416813467
0.7431697612844463
0.7453363196488457
0.7474942481840025
0.7496435783711463
0.7517843417589031
0.7539165699589963
0.7560402946420197
0.7581555475332867
0.7602623604087492
0.7623607650909919
0.7644507934452968
0.7665324773757775
0.7686058488215851
0.7706709397531823
0.7727277821686879
0.7747764080902863
0.7768168495607071
0.7788491386397696
0.7808733074009924
0.7828893879282703
0.7848974123126129
0.7868974126489481
0.7888894210329881
0.7908734695581564
0.7928495903125784
0.7948178153761299
0.7967781768175468
0.7987307066915941
0.8006754370362908
0.802612399870197
0.8045416271897523
0.8064631509666749
0.808377003145413
0.8102832156406522
0.8121818203348765
0.814072849075983
0.8159563336749477
0.8178323059035448
0.819700797492115
0.821561840127386
0.8234154654503418
0.8252617050541403
0.8271005904820806
0.8289321532256153
0.8307564247224133
0.832573436354465
0.8343832194462353
0.8361858052628608
0.83798122500839
0.8397695098240693
0.8415506907866696
0.8433247989068556
0.845091865127598
0.8468519203226235
0.8486049952949085
0.8503511207752102
0.852090327420637
0.8538226458132575
0.8555481064587469
0.8572667397850712
0.8589785761412072
0.8606836457958985
0.8623819789364471
0.864073605667539
0.8657585560101055
0.8674368599002167
0.8691085471880078
0.8707736476366397
0.8724321909212884
0.8740842066281702
0.8757297242535927
0.8773687732030402
0.8790013827902863
0.8806275822365366
0.8822474006696008
0.8838608671230921
0.8854680105356539
0.8870688597502151
0.8886634435132709
0.8902517904741908
0.8918339291845512
0.8934098880974947
0.8949796955671121
0.8965433798478519
0.8981009690939505
0.8996524913588877
0.9011979745948651
0.9027374466523055
0.9042709352793774
0.9057984681215381
0.9073200727211002
0.908835776516818
0.9103456068434943
0.9118495909316083
0.9133477559069624
0.9148401287903476
0.91632673649723
0.9178076058374526
0.9192827635149589
0.9207522361275314
0.9222160501665491
0.9236742320167612
0.9251268079560782
0.9265738041553787
0.9280152466783333
0.929451161481243
0.9308815744128933
0.9323065112144241
0.933725997519213
0.9351400588527746
0.9365487206326724
0.9379520081684453
0.9393499466615473
0.9407425612053008
0.9421298767848623
0.943511918277201
0.9448887104510899
0.9462602779671078
0.947626645377655
0.9489878371269791
0.9503438775512127
0.9516947908784218
0.953040601228664
0.95438133261406
0.9557170089388722
0.957047653999595
0.9583732914850546
0.9596939449765175
0.9610096379478102
0.9623203937654459
0.9636262356887607
0.9649271868700598
0.9662232703547693
0.9675145090815993
0.9688009258827127
0.9700825434839029
0.9713593845047785
0.9726314714589565
0.9738988267542606
0.9751614726929293
0.9764194314718282
0.9776727251826701
0.9789213758122424
0.9801654052426392
0.9814048352515004
0.9826396875122566
0.9838699835943794
0.9850957449636383
0.9863169929823619
0.9875337489097049
0.9887460339019207
0.9899538690126377
0.9911572751931419
0.9923562732926634
0.9935508840586673
0.99474112813715
0.9959270260729376
0.9971085983099918
0.9982858651917164
0.9994588469612697
1.0006275637618804
1.0017920356371661
1.0029522825314567
1.0041083242901196
1.0052601806598906
1.0064078712892044
1.0075514157285317
1.0086908334307165
1.0098261437513183
1.0109573659489557
1.012084519185652
1.0132076225271858
1.0143266949434409
1.0154417553087614
1.0165528224023064
1.017659914908409
1.018763051416935
1.0198622504236468
1.020957530330565
1.0220489094463354
1.023136405986596
1.0242200380743451
1.0252998237403124
1.0263757809233296
1.0274479274707047
1.0285162811385953
1.0295808595923845
1.0306416804070575
1.031698761067579
1.0327521189692719
1.033801771418197
1.0348477356315333
1.0358900287379587
1.0369286677780325
1.0379636697045778
1.0389950513830637
1.04002282959199
1.0410470210232707
1.0420676422826194
1.0430847098899323
1.0440982402796755
1.045108249801268
1.0461147547194705
1.047117771214768
1.0481173153837575
1.0491134032395335
1.0501060507120736
1.0510952736486248
1.052081087814089
1.0530635088914087
1.0540425524819523
1.0550182341059002
1.0559905692026288
1.0569595731310955
1.0579252611702237
1.0588876485192853
1.0598467502982865
1.0608025815483486
1.0617551572320931
1.0627044922340216
1.0636506013608986
1.0645934993421329
1.0655332008301568
1.066469720400807
1.0674030725537034
1.0683332717126268
1.0692603322258984
1.0701842683667546
1.0711050943337248
1.0720228242510055
1.072937472168836
1.0738490520638715
1.0747575778395555
1.0756630633264925
1.076565522282819
1.077464968394572
1.0783614152760606
1.0792548764702312
1.0801453654490374
1.0810328956138036
1.0819174802955915
1.082799132755564
1.0836778661853468
1.0845536937073916
1.0854266283753358
1.0862966831743626
1.0871638710215585
1.0880282047662722
1.0888896971904687
1.089748361009085
1.0906042088703842
1.0914572533563072
1.0923075069828239
1.093154982200284
1.0939996913937649
1.094841646883419
1.0956808609248212
1.0965173457093123
1.0973511133643434
1.0981821759538184
1.0990105454784338
1.0998362338760201
1.1006592530218793
1.1014796147291215
1.1022973307490016
1.1031124127712528
1.1039248724244202
1.1047347212761918
1.1055419708337295
1.1063466325439977
1.1071487177940904
