-1000
-997.997998
-995.995996
-993.993994
-991.991992
-989.98999
-987.987988
-985.985986
-983.983984
-981.981982
-979.97998
-977.977978
-975.975976
-973.973974
-971.971972
-969.96997
-967.967968
-965.965966
-963.963964
-961.961962
-959.95996
-957.957958
-955.955956
-953.953954
-951.951952
-949.9499499
-947.9479479
-945.9459459
-943.9439439
-941.9419419
-939.9399399
-937.9379379
-935.9359359
-933.9339339
-931.9319319
-929.9299299
-927.9279279
-925.9259259
-923.9239239
-921.9219219
-919.9199199
-917.9179179
-915.9159159
-913.9139139
-911.9119119
-909.9099099
-907.9079079
-905.9059059
-903.9039039
-901.9019019
-899.8998999
-897.8978979
-895.8958959
-893.8938939
-891.8918919
-889.8898899
-887.8878879
-885.8858859
-883.8838839
-881.8818819
-879.8798799
-877.8778779
-875.8758759
-873.8738739
-871.8718719
-869.8698699
-867.8678679
-865.8658659
-863.8638639
-861.8618619
-859.8598599
-857.8578579
-855.8558559
-853.8538539
-851.8518519
-849.8498498
-847.8478478
-845.8458458
-843.8438438
-841.8418418
-839.8398398
-837.8378378
-835.8358358
-833.8338338
-831.8318318
-829.8298298
-827.8278278
-825.8258258
-823.8238238
-821.8218218
-819.8198198
-817.8178178
-815.8158158
-813.8138138
-811.8118118
-809.8098098
-807.8078078
-805.8058058
-803.8038038
-801.8018018
-799.7997998
-797.7977978
-795.7957958
-793.7937938
-791.7917918
-789.7897898
-787.7877878
-785.7857858
-783.7837838
-781.7817818
-779.7797798
-777.7777778
-775.7757758
-773.7737738
-771.7717718
-769.7697698
-767.7677678
-765.7657658
-763.7637638
-761.7617618
-759.7597598
-757.7577578
-755.7557558
-753.7537538
-751.7517518
-749.7497497
-747.7477477
-745.7457457
-743.7437437
-741.7417417
-739.7397397
-737.7377377
-735.7357357
-733.7337337
-731.7317317
-729.7297297
-727.7277277
-725.7257257
-723.7237237
-721.7217217
-719.7197197
-717.7177177
-715.7157157
-713.7137137
-711.7117117
-709.7097097
-707.7077077
-705.7057057
-703.7037037
-701.7017017
-699.6996997
-697.6976977
-695.6956957
-693.6936937
-691.6916917
-689.6896897
-687.6876877
-685.6856857
-683.6836837
-681.6816817
-679.6796797
-677.6776777
-675.6756757
-673.6736737
-671.6716717
-669.6696697
-667.6676677
-665.6656657
-663.6636637
-661.6616617
-659.6596597
-657.6576577
-655.6556557
-653.6536537
-651.6516517
-649.6496496
-647.6476476
-645.6456456
-643.6436436
-641.6416416
-639.6396396
-637.6376376
-635.6356356
-633.6336336
-631.6316316
-629.6296296
-627.6276276
-625.6256256
-623.6236236
-621.6216216
-619.6196196
-617.6176176
-615.6156156
-613.6136136
-611.6116116
-609.6096096
-607.6076076
-605.6056056
-603.6036036
-601.6016016
-599.5995996
-597.5975976
-595.5955956
-593.5935936
-591.5915916
-589.5895896
-587.5875876
-585.5855856
-583.5835836
-581.5815816
-579.5795796
-577.5775776
-575.5755756
-573.5735736
-571.5715716
-569.5695696
-567.5675676
-565.5655656
-563.5635636
-561.5615616
-559.5595596
-557.5575576
-555.5555556
-553.5535536
-551.5515516
-549.5495495
-547.5475475
-545.5455455
-543.5435435
-541.5415415
-539.5395395
-537.5375375
-535.5355355
-533.5335335
-531.5315315
-529.5295295
-527.5275275
-525.5255255
-523.5235235
-521.5215215
-519.5195195
-517.5175175
-515.5155155
-513.5135135
-511.5115115
-509.5095095
-507.5075075
-505.5055055
-503.5035035
-501.5015015
-499.4994995
-497.4974975
-495.4954955
-493.4934935
-491.4914915
-489.4894895
-487.4874875
-485.4854855
-483.4834835
-481.4814815
-479.4794795
-477.4774775
-475.4754755
-473.4734735
-471.4714715
-469.4694695
-467.4674675
-465.4654655
-463.4634635
-461.4614615
-459.4594595
-457.4574575
-455.4554555
-453.4534535
-451.4514515
-449.4494494
-447.4474474
-445.4454454
-443.4434434
-441.4414414
-439.4394394
-437.4374374
-435.4354354
-433.4334334
-431.4314314
-429.4294294
-427.4274274
-425.4254254
-423.4234234
-421.4214214
-419.4194194
-417.4174174
-415.4154154
-413.4134134
-411.4114114
-409.4094094
-407.4074074
-405.4054054
-403.4034034
-401.4014014
-399.3993994
-397.3973974
-395.3953954
-393.3933934
-391.3913914
-389.3893894
-387.3873874
-385.3853854
-383.3833834
-381.3813814
-379.3793794
-377.3773774
-375.3753754
-373.3733734
-371.3713714
-369.3693694
-367.3673674
-365.3653654
-363.3633634
-361.3613614
-359.3593594
-357.3573574
-355.3553554
-353.3533534
-351.3513514
-349.3493493
-347.3473473
-345.3453453
-343.3433433
-341.3413413
-339.3393393
-337.3373373
-335.3353353
-333.3333333
-331.3313313
-329.3293293
-327.3273273
-325.3253253
-323.3233233
-321.3213213
-319.3193193
-317.3173173
-315.3153153
-313.3133133
-311.3113113
-309.3093093
-307.3073073
-305.3053053
-303.3033033
-301.3013013
-299.2992993
-297.2972973
-295.2952953
-293.2932933
-291.2912913
-289.2892893
-287.2872873
-285.2852853
-283.2832833
-281.2812813
-279.2792793
-277.2772773
-275.2752753
-273.2732733
-271.2712713
-269.2692693
-267.2672673
-265.2652653
-263.2632633
-261.2612613
-259.2592593
-257.2572573
-255.2552553
-253.2532533
-251.2512513
-249.2492492
-247.2472472
-245.2452452
-243.2432432
-241.2412412
-239.2392392
-237.2372372
-235.2352352
-233.2332332
-231.2312312
-229.2292292
-227.2272272
-225.2252252
-223.2232232
-221.2212212
-219.2192192
-217.2172172
-215.2152152
-213.2132132
-211.2112112
-209.2092092
-207.2072072
-205.2052052
-203.2032032
-201.2012012
-199.1991992
-197.1971972
-195.1951952
-193.1931932
-191.1911912
-189.1891892
-187.1871872
-185.1851852
-183.1831832
-181.1811812
-179.1791792
-177.1771772
-175.1751752
-173.1731732
-171.1711712
-169.1691692
-167.1671672
-165.1651652
-163.1631632
-161.1611612
-159.1591592
-157.1571572
-155.1551552
-153.1531532
-151.1511512
-149.1491491
-147.1471471
-145.1451451
-143.1431431
-141.1411411
-139.1391391
-137.1371371
-135.1351351
-133.1331331
-131.1311311
-129.1291291
-127.1271271
-125.1251251
-123.1231231
-121.1211211
-119.1191191
-117.1171171
-115.1151151
-113.1131131
-111.1111111
-109.1091091
-107.1071071
-105.1051051
-103.1031031
-101.1011011
-99.0990991
-97.0970971
-95.0950951
-93.09309309
-91.09109109
-89.08908909
-87.08708709
-85.08508509
-83.08308308
-81.08108108
-79.07907908
-77.07707708
-75.07507508
-73.07307307
-71.07107107
-69.06906907
-67.06706707
-65.06506507
-63.06306306
-61.06106106
-59.05905906
-57.05705706
-55.05505506
-53.05305305
-51.05105105
-49.04904905
-47.04704705
-45.04504505
-43.04304304
-41.04104104
-39.03903904
-37.03703704
-35.03503504
-33.03303303
-31.03103103
-29.02902903
-27.02702703
-25.02502503
-23.02302302
-21.02102102
-19.01901902
-17.01701702
-15.01501502
-13.01301301
-11.01101101
-9.009009009
-7.007007007
-5.005005005
-3.003003003
-1.001001001
1.0010010010011001
3.003003003003073
5.005005005005046
7.007007007007132
9.009009009009105
11.011011011011078
13.013013013013051
15.015015015015138
17.01701701701711
19.019019019019083
21.021021021021056
23.023023023023143
25.025025025025116
27.02702702702709
29.02902902902906
31.031031031031034
33.033033033033234
35.03503503503521
37.03703703703718
39.03903903903915
41.041041041041126
43.04304304
45.04504504504507
47.047047047047045
49.049049049049245
51.05105105105122
53.05305305305319
55.05505505505516
57.057057057057136
59.05905905905911
61.06106106106108
63.063063063063055
65.06506506506526
67.06706706706723
69.06906907
71.07107107107117
73.07307307307315
75.07507507507512
77.07707707707709
79.07907907907907
81.08108108108127
83.08308308308324
85.08508508508521
87.08708708708718
89.08908908908916
91.09109109109113
93.09309309
95.0950951
97.09709709709728
99.09909909909925
101.10110110110122
103.1031031031032
105.10510510510517
107.10710710710714
109.10910910910911
111.11111111111131
113.11311311311329
115.11511511511526
117.11711711711723
119.1191191191192
121.12112112112118
123.12312312312315
125.12512512512512
127.12712712712732
129.1291291291293
131.13113113113127
133.13313313313324
135.13513513513522
137.1371371371372
139.13913913913916
141.14114114114113
143.14314314314333
145.1451451451453
147.14714714714728
149.14914914914925
151.15115115115123
153.1531531531532
155.15515515515517
157.15715715715737
159.15915915915934
161.16116116116132
163.1631631631633
165.16516516516526
167.16716716716724
169.1691691691692
171.17117117117118
173.17317317317338
175.17517517517535
177.17717717717733
179.1791791791793
181.18118118118127
183.18318318318325
185.18518518518522
187.1871871871872
189.1891891891894
191.19119119119136
193.19319319319334
195.1951951951953
197.19719719719728
199.19919919919926
201.20120120120123
203.2032032032032
205.2052052052054
207.20720720720738
209.20920920920935
211.21121121121132
213.2132132132133
215.21521521521527
217.21721721721724
219.21921921921944
221.2212212212214
223.22322322322339
225.22522522522536
227.22722722722733
229.2292292292293
231.23123123123128
233.23323323323325
235.23523523523545
237.23723723723742
239.2392392392394
241.24124124124137
243.24324324324334
245.24524524524531
247.2472472472473
249.24924924924926
251.25125125125146
253.25325325325343
255.2552552552554
257.2572572572574
259.25925925925935
261.2612612612613
263.2632632632633
265.26526526526527
267.26726726726747
269.26926926926944
271.2712712712714
273.2732732732734
275.27527527527536
277.27727727727734
279.2792792792793
281.2812812812813
283.2832832832835
285.28528528528545
287.2872872872874
289.2892892892894
291.2912912912914
293.29329329329335
295.2952952952953
297.2972972972975
299.2992992992995
301.30130130130146
303.30330330330344
305.3053053053054
307.3073073073074
309.30930930930936
311.31131131131133
313.31331331331353
315.3153153153155
317.3173173173175
319.31931931931945
321.3213213213214
323.3233233233234
325.32532532532537
327.32732732732734
329.32932932932954
331.3313313313315
333.3333333333335
335.33533533533546
337.33733733733743
339.3393393393394
341.3413413413414
343.34334334334335
345.34534534534555
347.3473473473475
349.3493493493495
351.35135135135147
353.35335335335344
355.3553553553554
357.3573573573574
359.3593593593596
361.36136136136156
363.36336336336353
365.3653653653655
367.3673673673675
369.36936936936945
371.3713713713714
373.3733733733734
375.3753753753756
377.37737737737757
379.37937937937954
381.3813813813815
383.3833833833835
385.38538538538546
387.38738738738743
389.3893893893894
391.3913913913916
393.3933933933936
395.39539539539555
397.3973973973975
399.3993993993995
401.4014014014015
403.40340340340344
405.4054054054054
407.4074074074076
409.4094094094096
411.41141141141156
413.41341341341354
415.4154154154155
417.4174174174175
419.41941941941946
421.42142142142166
423.4234234234236
425.4254254254256
427.4274274274276
429.42942942942955
431.4314314314315
433.4334334334335
435.43543543543547
437.43743743743767
439.43943943943964
441.4414414414416
443.4434434434436
445.44544544544556
447.44744744744753
449.4494494494495
451.4514514514515
453.4534534534537
455.45545545545565
457.4574574574576
459.4594594594596
461.46146146146157
463.46346346346354
465.4654654654655
467.4674674674675
469.4694694694697
471.47147147147166
473.47347347347363
475.4754754754756
477.4774774774776
479.47947947947955
481.4814814814815
483.4834834834837
485.4854854854857
487.48748748748767
489.48948948948964
491.4914914914916
493.4934934934936
495.49549549549556
497.49749749749753
499.49949949949973
501.5015015015017
503.5035035035037
505.50550550550565
507.5075075075076
509.5095095095096
511.51151151151157
513.5135135135135
515.5155155155157
517.5175175175177
519.5195195195197
521.5215215215217
523.5235235235236
525.5255255255256
527.5275275275276
529.5295295295296
531.5315315315318
533.5335335335337
535.5355355355357
537.5375375375377
539.5395395395396
541.5415415415416
543.5435435435436
545.5455455455458
547.5475475475478
549.5495495495497
551.5515515515517
553.5535535535537
555.5555555555557
557.5575575575576
559.5595595595596
561.5615615615618
563.5635635635638
565.5655655655657
567.5675675675677
569.5695695695697
571.5715715715717
573.5735735735736
575.5755755755756
577.5775775775778
579.5795795795798
581.5815815815818
583.5835835835837
585.5855855855857
587.5875875875877
589.5895895895897
591.5915915915916
593.5935935935938
595.5955955955958
597.5975975975978
599.5995995995997
601.6016016016017
603.6036036036037
605.6056056056057
607.6076076076079
609.6096096096098
611.6116116116118
613.6136136136138
615.6156156156158
617.6176176176177
619.6196196196197
621.6216216216217
623.6236236236239
625.6256256256258
627.6276276276278
629.6296296296298
631.6316316316318
633.6336336336337
635.6356356356357
637.6376376376377
639.6396396396399
641.6416416416419
643.6436436436438
645.6456456456458
647.6476476476478
649.6496496496497
651.6516516516517
653.6536536536537
655.6556556556559
657.6576576576579
659.6596596596598
661.6616616616618
663.6636636636638
665.6656656656658
667.6676676676677
669.6696696696699
671.6716716716719
673.6736736736739
675.6756756756758
677.6776776776778
679.6796796796798
681.6816816816818
683.6836836836837
685.6856856856859
687.6876876876879
689.6896896896899
691.6916916916919
693.6936936936938
695.6956956956958
697.6976976976978
699.6996996996997
701.7017017
703.7037037037039
705.7057057057059
707.7077077077079
709.7097097097098
711.7117117117118
713.7137137137138
715.7157157157158
717.7177177
719.7197197197199
721.7217217217219
723.7237237237239
725.7257257257259
727.7277277277278
729.7297297297298
731.7317317
733.7337337
735.7357357
737.7377377377379
739.7397397397399
741.7417417417419
743.7437437437438
745.7457457457458
747.7477477
749.7497497
751.7517518
753.7537537537539
755.7557557557559
757.7577577577579
759.7597597597598
761.7617617617618
763.7637638
765.7657658
767.7677678
769.7697697697699
771.7717717717719
773.7737737737739
775.7757757757759
777.7777777777778
779.7797798
781.7817818
783.7837838
785.7857858
787.7877877877879
789.7897897897899
791.7917917917919
793.7937937937941
795.7957958
797.7977978
799.7997998
801.8018018
803.8038038038039
805.8058058058059
807.8078078078079
809.8098098098101
811.8118118
813.8138138
815.8158158
817.8178178
819.8198198198199
821.8218218218219
823.8238238238239
825.8258258258261
827.8278278278281
829.8298298
831.8318318
833.8338338
835.8358358
837.8378378378379
839.8398398398399
841.8418418418421
843.8438438438441
845.8458458
847.8478478
849.8498498
851.8518519
853.8538538538539
855.8558558558559
857.8578578578581
859.8598598598601
861.8618619
863.8638639
865.8658659
867.8678679
869.8698699
871.8718718718721
873.8738738738741
875.8758758758761
877.8778778778781
879.8798799
881.8818819
883.8838839
885.8858859
887.8878878878882
889.8898898898901
891.8918918918921
893.8938938938941
895.8958959
897.8978979
899.8998999
901.9019019
903.9039039039042
905.9059059059061
907.9079079079081
909.9099099099101
911.9119119119121
913.9139139
915.9159159
917.9179179
919.9199199199202
921.9219219219221
923.9239239239241
925.9259259259261
927.9279279279281
929.9299299
931.9319319
933.9339339339342
935.9359359359362
937.9379379379382
939.9399399399401
941.9419419419421
943.9439439439441
945.9459459
947.9479479
949.9499499499502
951.9519519519522
953.9539539539542
955.9559559559561
957.9579579579581
959.9599599599601
961.9619619619621
963.963964
965.9659659659662
967.9679679679682
969.9699699699702
971.9719719719722
973.9739739739741
975.9759759759761
977.9779779779781
979.97998
981.9819819819822
983.9839839839842
985.9859859859862
987.9879879879882
989.9899899899901
991.9919919919921
993.9939939939941
995.9959959959963
997.9979979979983
1000