-2.0
-1.995995995995996
-1.991991991991992
-1.987987987987988
-1.983983983983984
-1.97997997997998
-1.975975975975976
-1.971971971971972
-1.967967967967968
-1.9639639639639639
-1.95995995995996
-1.955955955955956
-1.951951951951952
-1.947947947947948
-1.9439439439439439
-1.93993993993994
-1.935935935935936
-1.931931931931932
-1.927927927927928
-1.9239239239239239
-1.91991991991992
-1.915915915915916
-1.911911911911912
-1.907907907907908
-1.9039039039039038
-1.8998998998999
-1.8958958958958958
-1.8918918918918919
-1.887887887887888
-1.8838838838838838
-1.87987987987988
-1.8758758758758758
-1.8718718718718719
-1.867867867867868
-1.8638638638638638
-1.85985985985986
-1.8558558558558558
-1.8518518518518519
-1.8478478478478477
-1.8438438438438438
-1.83983983983984
-1.8358358358358358
-1.8318318318318318
-1.8278278278278277
-1.8238238238238238
-1.8198198198198199
-1.8158158158158157
-1.8118118118118118
-1.8078078078078077
-1.8038038038038038
-1.7997997997997999
-1.7957957957957957
-1.7917917917917918
-1.7877877877877877
-1.7837837837837838
-1.7797797797797799
-1.7757757757757757
-1.7717717717717718
-1.7677677677677677
-1.7637637637637638
-1.7597597597597598
-1.7557557557557557
-1.7517517517517518
-1.7477477477477477
-1.7437437437437437
-1.7397397397397398
-1.7357357357357357
-1.7317317317317318
-1.7277277277277276
-1.7237237237237237
-1.7197197197197198
-1.7157157157157157
-1.7117117117117118
-1.7077077077077076
-1.7037037037037037
-1.6996996996996998
-1.6956956956956957
-1.6916916916916918
-1.6876876876876876
-1.6836836836836837
-1.6796796796796798
-1.6756756756756757
-1.6716716716716717
-1.6676676676676676
-1.6636636636636637
-1.6596596596596598
-1.6556556556556556
-1.6516516516516517
-1.6476476476476476
-1.6436436436436437
-1.6396396396396398
-1.6356356356356356
-1.6316316316316315
-1.6276276276276276
-1.6236236236236237
-1.6196196196196198
-1.6156156156156156
-1.6116116116116115
-1.6076076076076076
-1.6036036036036037
-1.5995995995995997
-1.5955955955955956
-1.5915915915915915
-1.5875875875875876
-1.5835835835835836
-1.5795795795795795
-1.5755755755755756
-1.5715715715715715
-1.5675675675675675
-1.5635635635635636
-1.5595595595595595
-1.5555555555555556
-1.5515515515515514
-1.5475475475475475
-1.5435435435435436
-1.5395395395395395
-1.5355355355355356
-1.5315315315315314
-1.5275275275275275
-1.5235235235235236
-1.5195195195195195
-1.5155155155155156
-1.5115115115115114
-1.5075075075075075
-1.5035035035035036
-1.4994994994994995
-1.4954954954954955
-1.4914914914914914
-1.4874874874874875
-1.4834834834834836
-1.4794794794794794
-1.4754754754754755
-1.4714714714714714
-1.4674674674674675
-1.4634634634634636
-1.4594594594594594
-1.4554554554554555
-1.4514514514514514
-1.4474474474474475
-1.4434434434434436
-1.4394394394394394
-1.4354354354354353
-1.4314314314314314
-1.4274274274274275
-1.4234234234234235
-1.4194194194194194
-1.4154154154154153
-1.4114114114114114
-1.4074074074074074
-1.4034034034034035
-1.3993993993993994
-1.3953953953953953
-1.3913913913913913
-1.3873873873873874
-1.3833833833833835
-1.3793793793793794
-1.3753753753753752
-1.3713713713713713
-1.3673673673673674
-1.3633633633633635
-1.3593593593593594
-1.3553553553553552
-1.3513513513513513
-1.3473473473473474
-1.3433433433433435
-1.3393393393393394
-1.3353353353353352
-1.3313313313313313
-1.3273273273273274
-1.3233233233233235
-1.3193193193193193
-1.3153153153153152
-1.3113113113113113
-1.3073073073073074
-1.3033033033033035
-1.2992992992992993
-1.2952952952952952
-1.2912912912912913
-1.2872872872872874
-1.2832832832832834
-1.2792792792792793
-1.2752752752752752
-1.2712712712712713
-1.2672672672672673
-1.2632632632632632
-1.2592592592592593
-1.2552552552552552
-1.2512512512512513
-1.2472472472472473
-1.2432432432432432
-1.2392392392392393
-1.2352352352352352
-1.2312312312312312
-1.2272272272272273
-1.2232232232232232
-1.2192192192192193
-1.2152152152152151
-1.2112112112112112
-1.2072072072072073
-1.2032032032032032
-1.1991991991991993
-1.1951951951951951
-1.1911911911911912
-1.1871871871871873
-1.1831831831831832
-1.179179179179179
-1.1751751751751751
-1.1711711711711712
-1.1671671671671673
-1.1631631631631631
-1.159159159159159
-1.155155155155155
-1.1511511511511512
-1.1471471471471473
-1.1431431431431431
-1.139139139139139
-1.135135135135135
-1.1311311311311312
-1.1271271271271273
-1.1231231231231231
-1.119119119119119
-1.115115115115115
-1.1111111111111112
-1.1071071071071072
-1.103103103103103
-1.099099099099099
-1.095095095095095
-1.0910910910910911
-1.0870870870870872
-1.083083083083083
-1.079079079079079
-1.075075075075075
-1.0710710710710711
-1.0670670670670672
-1.063063063063063
-1.059059059059059
-1.055055055055055
-1.0510510510510511
-1.0470470470470472
-1.043043043043043
-1.039039039039039
-1.035035035035035
-1.031031031031031
-1.0270270270270272
-1.023023023023023
-1.019019019019019
-1.015015015015015
-1.011011011011011
-1.007007007007007
-1.003003003003003
-0.9989989989989989
-0.994994994994995
-0.9909909909909911
-0.986986986986987
-0.982982982982983
-0.9789789789789789
-0.974974974974975
-0.9709709709709711
-0.9669669669669669
-0.962962962962963
-0.9589589589589589
-0.954954954954955
-0.9509509509509511
-0.9469469469469469
-0.942942942942943
-0.9389389389389389
-0.934934934934935
-0.930930930930931
-0.9269269269269269
-0.922922922922923
-0.9189189189189189
-0.914914914914915
-0.910910910910911
-0.9069069069069069
-0.902902902902903
-0.8988988988988988
-0.8948948948948949
-0.8908908908908908
-0.8868868868868869
-0.882882882882883
-0.8788788788788788
-0.8748748748748749
-0.8708708708708708
-0.8668668668668669
-0.862862862862863
-0.8588588588588588
-0.8548548548548549
-0.8508508508508508
-0.8468468468468469
-0.8428428428428429
-0.8388388388388388
-0.8348348348348349
-0.8308308308308308
-0.8268268268268268
-0.8228228228228229
-0.8188188188188188
-0.8148148148148149
-0.8108108108108107
-0.8068068068068068
-0.8028028028028029
-0.7987987987987988
-0.7947947947947949
-0.7907907907907907
-0.7867867867867868
-0.7827827827827827
-0.7787787787787788
-0.7747747747747749
-0.7707707707707707
-0.7667667667667668
-0.7627627627627627
-0.7587587587587588
-0.7547547547547548
-0.7507507507507507
-0.7467467467467468
-0.7427427427427427
-0.7387387387387387
-0.7347347347347348
-0.7307307307307307
-0.7267267267267268
-0.7227227227227226
-0.7187187187187187
-0.7147147147147148
-0.7107107107107107
-0.7067067067067068
-0.7027027027027026
-0.6986986986986987
-0.6946946946946948
-0.6906906906906907
-0.6866866866866868
-0.6826826826826826
-0.6786786786786787
-0.6746746746746748
-0.6706706706706707
-0.6666666666666667
-0.6626626626626626
-0.6586586586586587
-0.6546546546546548
-0.6506506506506506
-0.6466466466466467
-0.6426426426426426
-0.6386386386386387
-0.6346346346346345
-0.6306306306306306
-0.6266266266266267
-0.6226226226226226
-0.6186186186186187
-0.6146146146146145
-0.6106106106106106
-0.6066066066066067
-0.6026026026026026
-0.5985985985985987
-0.5945945945945945
-0.5905905905905906
-0.5865865865865867
-0.5825825825825826
-0.5785785785785786
-0.5745745745745745
-0.5705705705705706
-0.5665665665665667
-0.5625625625625625
-0.5585585585585586
-0.5545545545545545
-0.5505505505505506
-0.5465465465465467
-0.5425425425425425
-0.5385385385385386
-0.5345345345345345
-0.5305305305305306
-0.5265265265265264
-0.5225225225225225
-0.5185185185185186
-0.5145145145145145
-0.5105105105105106
-0.5065065065065064
-0.5025025025025025
-0.4984984984984986
-0.49449449449449445
-0.49049049049049054
-0.4864864864864864
-0.4824824824824825
-0.4784784784784786
-0.47447447447447444
-0.4704704704704705
-0.4664664664664664
-0.4624624624624625
-0.45845845845845856
-0.4544544544544544
-0.4504504504504505
-0.4464464464464464
-0.44244244244244246
-0.43843843843843855
-0.4344344344344344
-0.4304304304304305
-0.42642642642642636
-0.42242242242242245
-0.41841841841841854
-0.4144144144144144
-0.4104104104104105
-0.40640640640640635
-0.40240240240240244
-0.3983983983983985
-0.3943943943943944
-0.3903903903903905
-0.38638638638638634
-0.3823823823823824
-0.3783783783783783
-0.3743743743743744
-0.37037037037037046
-0.3663663663663663
-0.3623623623623624
-0.3583583583583583
-0.35435435435435436
-0.35035035035035045
-0.3463463463463463
-0.3423423423423424
-0.33833833833833826
-0.33433433433433435
-0.33033033033033044
-0.3263263263263263
-0.3223223223223224
-0.31831831831831825
-0.31431431431431434
-0.3103103103103104
-0.3063063063063063
-0.3023023023023024
-0.29829829829829824
-0.2942942942942943
-0.2902902902902904
-0.2862862862862863
-0.28228228228228236
-0.2782782782782782
-0.2742742742742743
-0.2702702702702702
-0.26626626626626626
-0.26226226226226235
-0.2582582582582582
-0.2542542542542543
-0.25025025025025016
-0.24624624624624625
-0.24224224224224233
-0.2382382382382382
-0.23423423423423428
-0.23023023023023015
-0.22622622622622623
-0.22222222222222232
-0.21821821821821819
-0.21421421421421427
-0.21021021021021014
-0.20620620620620622
-0.2022022022022023
-0.19819819819819817
-0.19419419419419426
-0.19019019019019012
-0.1861861861861862
-0.1821821821821823
-0.17817817817817816
-0.17417417417417425
-0.1701701701701701
-0.1661661661661662
-0.16216216216216228
-0.15815815815815815
-0.15415415415415423
-0.1501501501501501
-0.14614614614614618
-0.14214214214214227
-0.13813813813813813
-0.13413413413413422
-0.13013013013013008
-0.12612612612612617
-0.12212212212212203
-0.11811811811811812
-0.1141141141141142
-0.11011011011011007
-0.10610610610610616
-0.10210210210210202
-0.09809809809809811
-0.0940940940940942
-0.09009009009009006
-0.08608608608608614
-0.08208208208208201
-0.0780780780780781
-0.07407407407407418
-0.07007007007007005
-0.06606606606606613
-0.062062062062061996
-0.05805805805805808
-0.05405405405405417
-0.05005005005005003
-0.04604604604604612
-0.04204204204204198
-0.03803803803803807
-0.034034034034034155
-0.03003003003003002
-0.026026026026026106
-0.02202202202202197
-0.018018018018018056
-0.01401401401401392
-0.010010010010010006
-0.006006006006006093
-0.002002002002001957
0.002002002002002179
0.006006006006006093
0.010010010010010006
0.01401401401401392
0.018018018018017834
0.022022022022022192
0.026026026026026106
0.03003003003003002
0.03403403403403393
0.03803803803803785
0.042042042042042205
0.04604604604604612
0.05005005005005003
0.054054054054053946
0.05805805805805786
0.06206206206206222
0.06606606606606613
0.07007007007007005
0.07407407407407396
0.07807807807807787
0.08208208208208223
0.08608608608608614
0.09009009009009006
0.09409409409409397
0.09809809809809789
0.10210210210210224
0.10610610610610616
0.11011011011011007
0.11411411411411398
0.1181181181181179
0.12212212212212226
0.12612612612612617
0.13013013013013008
0.134134134134134
0.1381381381381379
0.14214214214214227
0.14614614614614618
0.1501501501501501
0.154154154154154
0.15815815815815792
0.16216216216216228
0.1661661661661662
0.1701701701701701
0.17417417417417402
0.17817817817817794
0.1821821821821823
0.1861861861861862
0.19019019019019012
0.19419419419419404
0.1981981981981984
0.2022022022022023
0.20620620620620622
0.21021021021021014
0.21421421421421405
0.2182182182182184
0.22222222222222232
0.22622622622622623
0.23023023023023015
0.23423423423423406
0.23823823823823842
0.24224224224224233
0.24624624624624625
0.25025025025025016
0.2542542542542541
0.25825825825825843
0.26226226226226235
0.26626626626626626
0.2702702702702702
0.2742742742742741
0.27827827827827845
0.28228228228228236
0.2862862862862863
0.2902902902902902
0.2942942942942941
0.29829829829829846
0.3023023023023024
0.3063063063063063
0.3103103103103102
0.3143143143143141
0.31831831831831847
0.3223223223223224
0.3263263263263263
0.3303303303303302
0.3343343343343341
0.3383383383383385
0.3423423423423424
0.3463463463463463
0.3503503503503502
0.35435435435435414
0.3583583583583585
0.3623623623623624
0.3663663663663663
0.37037037037037024
0.37437437437437415
0.3783783783783785
0.3823823823823824
0.38638638638638634
0.39039039039039025
0.39439439439439417
0.3983983983983985
0.40240240240240244
0.40640640640640635
0.41041041041041026
0.4144144144144142
0.41841841841841854
0.42242242242242245
0.42642642642642636
0.4304304304304303
0.43443443443443464
0.43843843843843855
0.44244244244244246
0.4464464464464464
0.4504504504504503
0.45445445445445465
0.45845845845845856
0.4624624624624625
0.4664664664664664
0.4704704704704703
0.47447447447447466
0.4784784784784786
0.4824824824824825
0.4864864864864864
0.4904904904904903
0.4944944944944947
0.4984984984984986
0.5025025025025025
0.5065065065065064
0.5105105105105103
0.5145145145145147
0.5185185185185186
0.5225225225225225
0.5265265265265264
0.5305305305305303
0.5345345345345347
0.5385385385385386
0.5425425425425425
0.5465465465465464
0.5505505505505504
0.5545545545545547
0.5585585585585586
0.5625625625625625
0.5665665665665665
0.5705705705705704
0.5745745745745747
0.5785785785785786
0.5825825825825826
0.5865865865865865
0.5905905905905904
0.5945945945945947
0.5985985985985987
0.6026026026026026
0.6066066066066065
0.6106106106106104
0.6146146146146148
0.6186186186186187
0.6226226226226226
0.6266266266266265
0.6306306306306304
0.6346346346346348
0.6386386386386387
0.6426426426426426
0.6466466466466465
0.6506506506506504
0.6546546546546548
0.6586586586586587
0.6626626626626626
0.6666666666666665
0.6706706706706704
0.6746746746746748
0.6786786786786787
0.6826826826826826
0.6866866866866865
0.6906906906906904
0.6946946946946948
0.6986986986986987
0.7027027027027026
0.7067067067067065
0.7107107107107109
0.7147147147147148
0.7187187187187187
0.7227227227227226
0.7267267267267266
0.7307307307307309
0.7347347347347348
0.7387387387387387
0.7427427427427427
0.7467467467467466
0.7507507507507509
0.7547547547547548
0.7587587587587588
0.7627627627627627
0.7667667667667666
0.7707707707707709
0.7747747747747749
0.7787787787787788
0.7827827827827827
0.7867867867867866
0.790790790790791
0.7947947947947949
0.7987987987987988
0.8028028028028027
0.8068068068068066
0.810810810810811
0.8148148148148149
0.8188188188188188
0.8228228228228227
0.8268268268268266
0.830830830830831
0.8348348348348349
0.8388388388388388
0.8428428428428427
0.8468468468468466
0.850850850850851
0.8548548548548549
0.8588588588588588
0.8628628628628627
0.8668668668668666
0.870870870870871
0.8748748748748749
0.8788788788788788
0.8828828828828827
0.8868868868868867
0.890890890890891
0.8948948948948949
0.8988988988988988
0.9029029029029028
0.9069069069069067
0.910910910910911
0.914914914914915
0.9189189189189189
0.9229229229229228
0.9269269269269267
0.930930930930931
0.934934934934935
0.9389389389389389
0.9429429429429428
0.9469469469469471
0.9509509509509511
0.954954954954955
0.9589589589589589
0.9629629629629628
0.9669669669669672
0.9709709709709711
0.974974974974975
0.9789789789789789
0.9829829829829828
0.9869869869869872
0.9909909909909911
0.994994994994995
0.9989989989989989
1.0030030030030028
1.0070070070070072
1.011011011011011
1.015015015015015
1.019019019019019
1.0230230230230228
1.0270270270270272
1.031031031031031
1.035035035035035
1.039039039039039
1.0430430430430429
1.0470470470470472
1.0510510510510511
1.055055055055055
1.059059059059059
1.0630630630630629
1.0670670670670672
1.0710710710710711
1.075075075075075
1.079079079079079
1.0830830830830829
1.0870870870870872
1.0910910910910911
1.095095095095095
1.099099099099099
1.1031031031031029
1.1071071071071072
1.1111111111111112
1.115115115115115
1.119119119119119
1.123123123123123
1.1271271271271273
1.1311311311311312
1.135135135135135
1.139139139139139
1.143143143143143
1.1471471471471473
1.1511511511511512
1.155155155155155
1.159159159159159
1.163163163163163
1.1671671671671673
1.1711711711711712
1.1751751751751751
1.179179179179179
1.183183183183183
1.1871871871871873
1.1911911911911912
1.1951951951951951
1.199199199199199
1.203203203203203
1.2072072072072073
1.2112112112112112
1.2152152152152151
1.219219219219219
1.2232232232232234
1.2272272272272273
1.2312312312312312
1.2352352352352352
1.239239239239239
1.2432432432432434
1.2472472472472473
1.2512512512512513
1.2552552552552552
1.259259259259259
1.2632632632632634
1.2672672672672673
1.2712712712712713
1.2752752752752752
1.279279279279279
1.2832832832832834
1.2872872872872874
1.2912912912912913
1.2952952952952952
1.299299299299299
1.3033033033033035
1.3073073073073074
1.3113113113113113
1.3153153153153152
1.3193193193193191
1.3233233233233235
1.3273273273273274
1.3313313313313313
1.3353353353353352
1.3393393393393391
1.3433433433433435
1.3473473473473474
1.3513513513513513
1.3553553553553552
1.3593593593593591
1.3633633633633635
1.3673673673673674
1.3713713713713713
1.3753753753753752
1.3793793793793792
1.3833833833833835
1.3873873873873874
1.3913913913913913
1.3953953953953953
1.3993993993993992
1.4034034034034035
1.4074074074074074
1.4114114114114114
1.4154154154154153
1.4194194194194192
1.4234234234234235
1.4274274274274275
1.4314314314314314
1.4354354354354353
1.4394394394394392
1.4434434434434436
1.4474474474474475
1.4514514514514514
1.4554554554554553
1.4594594594594597
1.4634634634634636
1.4674674674674675
1.4714714714714714
1.4754754754754753
1.4794794794794797
1.4834834834834836
1.4874874874874875
1.4914914914914914
1.4954954954954953
1.4994994994994997
1.5035035035035036
1.5075075075075075
1.5115115115115114
1.5155155155155153
1.5195195195195197
1.5235235235235236
1.5275275275275275
1.5315315315315314
1.5355355355355353
1.5395395395395397
1.5435435435435436
1.5475475475475475
1.5515515515515514
1.5555555555555554
1.5595595595595597
1.5635635635635636
1.5675675675675675
1.5715715715715715
1.5755755755755754
1.5795795795795797
1.5835835835835836
1.5875875875875876
1.5915915915915915
1.5955955955955954
1.5995995995995997
1.6036036036036037
1.6076076076076076
1.6116116116116115
1.6156156156156154
1.6196196196196198
1.6236236236236237
1.6276276276276276
1.6316316316316315
1.6356356356356354
1.6396396396396398
1.6436436436436437
1.6476476476476476
1.6516516516516515
1.6556556556556554
1.6596596596596598
1.6636636636636637
1.6676676676676676
1.6716716716716715
1.6756756756756754
1.6796796796796798
1.6836836836836837
1.6876876876876876
1.6916916916916915
1.6956956956956954
1.6996996996996998
1.7037037037037037
1.7077077077077076
1.7117117117117115
1.7157157157157155
1.7197197197197198
1.7237237237237237
1.7277277277277276
1.7317317317317316
1.735735735735736
1.7397397397397398
1.7437437437437437
1.7477477477477477
1.7517517517517516
1.755755755755756
1.7597597597597598
1.7637637637637638
1.7677677677677677
1.7717717717717716
1.775775775775776
1.7797797797797799
1.7837837837837838
1.7877877877877877
1.7917917917917916
1.795795795795796
1.7997997997997999
1.8038038038038038
1.8078078078078077
1.8118118118118116
1.815815815815816
1.8198198198198199
1.8238238238238238
1.8278278278278277
1.8318318318318316
1.835835835835836
1.83983983983984
1.8438438438438438
1.8478478478478477
1.8518518518518516
1.855855855855856
1.85985985985986
1.8638638638638638
1.8678678678678677
1.8718718718718717
1.875875875875876
1.87987987987988
1.8838838838838838
1.8878878878878878
1.8918918918918917
1.895895895895896
1.8998998998999
1.9039039039039038
1.9079079079079078
1.9119119119119117
1.915915915915916
1.91991991991992
1.9239239239239239
1.9279279279279278
1.9319319319319317
1.935935935935936
1.93993993993994
1.9439439439439439
1.9479479479479478
1.9519519519519517
1.955955955955956
1.95995995995996
1.9639639639639639
1.9679679679679678
1.9719719719719722
1.975975975975976
1.97997997997998
1.983983983983984
1.9879879879879878
1.9919919919919922
1.995995995995996
2.0
