-0.000000
-0.006289
-0.012579
-0.018867
-0.025155
-0.031442
-0.037728
-0.044012
-0.050295
-0.056575
-0.062853
-0.069129
-0.075402
-0.081672
-0.087939
-0.094202
-0.100462
-0.106717
-0.112969
-0.119216
-0.125458
-0.131695
-0.137927
-0.144154
-0.150375
-0.156590
-0.162799
-0.169001
-0.175196
-0.181385
-0.187567
-0.193741
-0.199907
-0.206066
-0.212216
-0.218358
-0.224491
-0.230616
-0.236731
-0.242837
-0.248934
-0.255020
-0.261097
-0.267163
-0.273218
-0.279263
-0.285297
-0.291319
-0.297330
-0.303329
-0.309316
-0.315291
-0.321253
-0.327203
-0.333140
-0.339063
-0.344974
-0.350870
-0.356753
-0.362621
-0.368475
-0.374315
-0.380140
-0.385950
-0.391744
-0.397523
-0.403286
-0.409034
-0.414765
-0.420480
-0.426178
-0.431859
-0.437523
-0.443170
-0.448799
-0.454411
-0.460004
-0.465580
-0.471137
-0.476675
-0.482195
-0.487695
-0.493176
-0.498638
-0.504080
-0.509502
-0.514903
-0.520285
-0.525646
-0.530986
-0.536305
-0.541602
-0.546879
-0.552134
-0.557367
-0.562577
-0.567766
-0.572932
-0.578076
-0.583196
-0.588294
-0.593368
-0.598419
-0.603446
-0.608450
-0.613429
-0.618384
-0.623314
-0.628220
-0.633101
-0.637957
-0.642788
-0.647593
-0.652373
-0.657126
-0.661854
-0.666556
-0.671231
-0.675880
-0.680502
-0.685097
-0.689665
-0.694206
-0.698719
-0.703205
-0.707662
-0.712092
-0.716494
-0.720867
-0.725212
-0.729528
-0.733815
-0.738074
-0.742303
-0.746502
-0.750672
-0.754813
-0.758923
-0.763004
-0.767054
-0.771074
-0.775064
-0.779023
-0.782951
-0.786848
-0.790714
-0.794548
-0.798352
-0.802123
-0.805863
-0.809571
-0.813247
-0.816891
-0.820503
-0.824082
-0.827628
-0.831142
-0.834623
-0.838071
-0.841485
-0.844867
-0.848215
-0.851529
-0.854810
-0.858057
-0.861270
-0.864449
-0.867593
-0.870704
-0.873780
-0.876821
-0.879828
-0.882800
-0.885737
-0.888639
-0.891506
-0.894337
-0.897133
-0.899894
-0.902619
-0.905308
-0.907962
-0.910580
-0.913161
-0.915707
-0.918216
-0.920689
-0.923126
-0.925526
-0.927889
-0.930216
-0.932506
-0.934759
-0.936975
-0.939154
-0.941296
-0.943400
-0.945467
-0.947497
-0.949490
-0.951444
-0.953362
-0.955241
-0.957083
-0.958887
-0.960653
-0.962381
-0.964070
-0.965722
-0.967336
-0.968911
-0.970448
-0.971946
-0.973406
-0.974828
-0.976211
-0.977555
-0.978861
-0.980128
-0.981356
-0.982546
-0.983696
-0.984808
-0.985880
-0.986914
-0.987909
-0.988864
-0.989781
-0.990658
-0.991496
-0.992295
-0.993055
-0.993775
-0.994456
-0.995098
-0.995700
-0.996263
-0.996786
-0.997271
-0.997715
-0.998120
-0.998486
-0.998812
-0.999099
-0.999346
-0.999554
-0.999722
-0.999850
-0.999939
-0.999989
-0.999999
-0.999969
-0.999900
-0.999791
-0.999643
-0.999455
-0.999227
-0.998961
-0.998654
-0.998308
-0.997923
-0.997498
-0.997033
-0.996530
-0.995986
-0.995404
-0.994782
-0.994120
-0.993420
-0.992680
-0.991900
-0.991082
-0.990224
-0.989327
-0.988391
-0.987416
-0.986402
-0.985349
-0.984257
-0.983126
-0.981956
-0.980747
-0.979499
-0.978213
-0.976888
-0.975524
-0.974122
-0.972681
-0.971202
-0.969684
-0.968128
-0.966534
-0.964901
-0.963230
-0.961521
-0.959774
-0.957990
-0.956167
-0.954306
-0.952408
-0.950472
-0.948498
-0.946487
-0.944438
-0.942352
-0.940229
-0.938069
-0.935871
-0.933637
-0.931365
-0.929057
-0.926712
-0.924330
-0.921912
-0.919457
-0.916966
-0.914439
-0.911875
-0.909275
-0.906640
-0.903968
-0.901261
-0.898518
-0.895740
-0.892926
-0.890077
-0.887192
-0.884273
-0.881318
-0.878329
-0.875305
-0.872246
-0.869153
-0.866025
-0.862864
-0.859668
-0.856438
-0.853174
-0.849876
-0.846545
-0.843180
-0.839782
-0.836351
-0.832886
-0.829389
-0.825859
-0.822296
-0.818701
-0.815073
-0.811413
-0.807721
-0.803997
-0.800241
-0.796454
-0.792635
-0.788785
-0.784903
-0.780990
-0.777047
-0.773073
-0.769068
-0.765033
-0.760967
-0.756872
-0.752746
-0.748591
-0.744406
-0.740192
-0.735948
-0.731675
-0.727374
-0.723043
-0.718684
-0.714297
-0.709881
-0.705437
-0.700965
-0.696466
-0.691939
-0.687384
-0.682803
-0.678194
-0.673559
-0.668897
-0.664208
-0.659494
-0.654753
-0.649986
-0.645193
-0.640375
-0.635532
-0.630664
-0.625770
-0.620852
-0.615909
-0.610942
-0.605951
-0.600936
-0.595897
-0.590834
-0.585748
-0.580639
-0.575507
-0.570352
-0.565175
-0.559975
-0.554753
-0.549509
-0.544243
-0.538956
-0.533648
-0.528318
-0.522968
-0.517597
-0.512205
-0.506793
-0.501361
-0.495909
-0.490438
-0.484947
-0.479437
-0.473908
-0.468361
-0.462794
-0.457210
-0.451607
-0.445987
-0.440349
-0.434693
-0.429020
-0.423331
-0.417624
-0.411901
-0.406162
-0.400407
-0.394636
-0.388849
-0.383047
-0.377229
-0.371397
-0.365550
-0.359689
-0.353813
-0.347924
-0.342020
-0.336103
-0.330173
-0.324230
-0.318274
-0.312305
-0.306324
-0.300331
-0.294326
-0.288309
-0.282281
-0.276242
-0.270192
-0.264131
-0.258060
-0.251978
-0.245887
-0.239785
-0.233675
-0.227555
-0.221426
-0.215288
-0.209142
-0.202987
-0.196825
-0.190655
-0.184477
-0.178292
-0.172099
-0.165900
-0.159695
-0.153483
-0.147265
-0.141041
-0.134812
-0.128577
-0.122338
-0.116093
-0.109844
-0.103590
-0.097333
-0.091071
-0.084806
-0.078537
-0.072266
-0.065991
-0.059714
-0.053435
-0.047154
-0.040870
-0.034585
-0.028299
-0.022011
-0.015723
-0.009434
-0.003145
0.003145
0.009434
0.015723
0.022011
0.028299
0.034585
0.040870
0.047154
0.053435
0.059714
0.065991
0.072266
0.078537
0.084806
0.091071
0.097333
0.103590
0.109844
0.116093
0.122338
0.128577
0.134812
0.141041
0.147265
0.153483
0.159695
0.165900
0.172099
0.178292
0.184477
0.190655
0.196825
0.202987
0.209142
0.215288
0.221426
0.227555
0.233675
0.239785
0.245887
0.251978
0.258060
0.264131
0.270192
0.276242
0.282281
0.288309
0.294326
0.300331
0.306324
0.312305
0.318274
0.324230
0.330173
0.336103
0.342020
0.347924
0.353813
0.359689
0.365550
0.371397
0.377229
0.383047
0.388849
0.394636
0.400407
0.406162
0.411901
0.417624
0.423331
0.429020
0.434693
0.440349
0.445987
0.451607
0.457210
0.462794
0.468361
0.473908
0.479437
0.484947
0.490438
0.495909
0.501361
0.506793
0.512205
0.517597
0.522968
0.528318
0.533648
0.538956
0.544243
0.549509
0.554753
0.559975
0.565175
0.570352
0.575507
0.580639
0.585748
0.590834
0.595897
0.600936
0.605951
0.610942
0.615909
0.620852
0.625770
0.630664
0.635532
0.640375
0.645193
0.649986
0.654753
0.659494
0.664208
0.668897
0.673559
0.678194
0.682803
0.687384
0.691939
0.696466
0.700965
0.705437
0.709881
0.714297
0.718684
0.723043
0.727374
0.731675
0.735948
0.740192
0.744406
0.748591
0.752746
0.756872
0.760967
0.765033
0.769068
0.773073
0.777047
0.780990
0.784903
0.788785
0.792635
0.796454
0.800241
0.803997
0.807721
0.811413
0.815073
0.818701
0.822296
0.825859
0.829389
0.832886
0.836351
0.839782
0.843180
0.846545
0.849876
0.853174
0.856438
0.859668
0.862864
0.866025
0.869153
0.872246
0.875305
0.878329
0.881318
0.884273
0.887192
0.890077
0.892926
0.895740
0.898518
0.901261
0.903968
0.906640
0.909275
0.911875
0.914439
0.916966
0.919457
0.921912
0.924330
0.926712
0.929057
0.931365
0.933637
0.935871
0.938069
0.940229
0.942352
0.944438
0.946487
0.948498
0.950472
0.952408
0.954306
0.956167
0.957990
0.959774
0.961521
0.963230
0.964901
0.966534
0.968128
0.969684
0.971202
0.972681
0.974122
0.975524
0.976888
0.978213
0.979499
0.980747
0.981956
0.983126
0.984257
0.985349
0.986402
0.987416
0.988391
0.989327
0.990224
0.991082
0.991900
0.992680
0.993420
0.994120
0.994782
0.995404
0.995986
0.996530
0.997033
0.997498
0.997923
0.998308
0.998654
0.998961
0.999227
0.999455
0.999643
0.999791
0.999900
0.999969
0.999999
0.999989
0.999939
0.999850
0.999722
0.999554
0.999346
0.999099
0.998812
0.998486
0.998120
0.997715
0.997271
0.996786
0.996263
0.995700
0.995098
0.994456
0.993775
0.993055
0.992295
0.991496
0.990658
0.989781
0.988864
0.987909
0.986914
0.985880
0.984808
0.983696
0.982546
0.981356
0.980128
0.978861
0.977555
0.976211
0.974828
0.973406
0.971946
0.970448
0.968911
0.967336
0.965722
0.964070
0.962381
0.960653
0.958887
0.957083
0.955241
0.953362
0.951444
0.949490
0.947497
0.945467
0.943400
0.941296
0.939154
0.936975
0.934759
0.932506
0.930216
0.927889
0.925526
0.923126
0.920689
0.918216
0.915707
0.913161
0.910580
0.907962
0.905308
0.902619
0.899894
0.897133
0.894337
0.891506
0.888639
0.885737
0.882800
0.879828
0.876821
0.873780
0.870704
0.867593
0.864449
0.861270
0.858057
0.854810
0.851529
0.848215
0.844867
0.841485
0.838071
0.834623
0.831142
0.827628
0.824082
0.820503
0.816891
0.813247
0.809571
0.805863
0.802123
0.798352
0.794548
0.790714
0.786848
0.782951
0.779023
0.775064
0.771074
0.767054
0.763004
0.758923
0.754813
0.750672
0.746502
0.742303
0.738074
0.733815
0.729528
0.725212
0.720867
0.716494
0.712092
0.707662
0.703205
0.698719
0.694206
0.689665
0.685097
0.680502
0.675880
0.671231
0.666556
0.661854
0.657126
0.652373
0.647593
0.642788
0.637957
0.633101
0.628220
0.623314
0.618384
0.613429
0.608450
0.603446
0.598419
0.593368
0.588294
0.583196
0.578076
0.572932
0.567766
0.562577
0.557367
0.552134
0.546879
0.541602
0.536305
0.530986
0.525646
0.520285
0.514903
0.509502
0.504080
0.498638
0.493176
0.487695
0.482195
0.476675
0.471137
0.465580
0.460004
0.454411
0.448799
0.443170
0.437523
0.431859
0.426178
0.420480
0.414765
0.409034
0.403286
0.397523
0.391744
0.385950
0.380140
0.374315
0.368475
0.362621
0.356753
0.350870
0.344974
0.339063
0.333140
0.327203
0.321253
0.315291
0.309316
0.303329
0.297330
0.291319
0.285297
0.279263
0.273218
0.267163
0.261097
0.255020
0.248934
0.242837
0.236731
0.230616
0.224491
0.218358
0.212216
0.206066
0.199907
0.193741
0.187567
0.181385
0.175196
0.169001
0.162799
0.156590
0.150375
0.144154
0.137927
0.131695
0.125458
0.119216
0.112969
0.106717
0.100462
0.094202
0.087939
0.081672
0.075402
0.069129
0.062853
0.056575
0.050295
0.044012
0.037728
0.031442
0.025155
0.018867
0.012579
0.006289
0.000000