-3.141593
-3.135303
-3.129014
-3.122724
-3.116435
-3.110145
-3.103856
-3.097566
-3.091277
-3.084987
-3.078698
-3.072408
-3.066119
-3.059829
-3.053540
-3.047251
-3.040961
-3.034672
-3.028382
-3.022093
-3.015803
-3.009514
-3.003224
-2.996935
-2.990645
-2.984356
-2.978066
-2.971777
-2.965487
-2.959198
-2.952908
-2.946619
-2.940329
-2.934040
-2.927751
-2.921461
-2.915172
-2.908882
-2.902593
-2.896303
-2.890014
-2.883724
-2.877435
-2.871145
-2.864856
-2.858566
-2.852277
-2.845987
-2.839698
-2.833408
-2.827119
-2.820829
-2.814540
-2.808250
-2.801961
-2.795672
-2.789382
-2.783093
-2.776803
-2.770514
-2.764224
-2.757935
-2.751645
-2.745356
-2.739066
-2.732777
-2.726487
-2.720198
-2.713908
-2.707619
-2.701329
-2.695040
-2.688750
-2.682461
-2.676172
-2.669882
-2.663593
-2.657303
-2.651014
-2.644724
-2.638435
-2.632145
-2.625856
-2.619566
-2.613277
-2.606987
-2.600698
-2.594408
-2.588119
-2.581829
-2.575540
-2.569250
-2.562961
-2.556671
-2.550382
-2.544093
-2.537803
-2.531514
-2.525224
-2.518935
-2.512645
-2.506356
-2.500066
-2.493777
-2.487487
-2.481198
-2.474908
-2.468619
-2.462329
-2.456040
-2.449750
-2.443461
-2.437171
-2.430882
-2.424593
-2.418303
-2.412014
-2.405724
-2.399435
-2.393145
-2.386856
-2.380566
-2.374277
-2.367987
-2.361698
-2.355408
-2.349119
-2.342829
-2.336540
-2.330250
-2.323961
-2.317671
-2.311382
-2.305093
-2.298803
-2.292514
-2.286224
-2.279935
-2.273645
-2.267356
-2.261066
-2.254777
-2.248487
-2.242198
-2.235908
-2.229619
-2.223329
-2.217040
-2.210750
-2.204461
-2.198171
-2.191882
-2.185592
-2.179303
-2.173014
-2.166724
-2.160435
-2.154145
-2.147856
-2.141566
-2.135277
-2.128987
-2.122698
-2.116408
-2.110119
-2.103829
-2.097540
-2.091250
-2.084961
-2.078671
-2.072382
-2.066092
-2.059803
-2.053514
-2.047224
-2.040935
-2.034645
-2.028356
-2.022066
-2.015777
-2.009487
-2.003198
-1.996908
-1.990619
-1.984329
-1.978040
-1.971750
-1.965461
-1.959171
-1.952882
-1.946592
-1.940303
-1.934013
-1.927724
-1.921435
-1.915145
-1.908856
-1.902566
-1.896277
-1.889987
-1.883698
-1.877408
-1.871119
-1.864829
-1.858540
-1.852250
-1.845961
-1.839671
-1.833382
-1.827092
-1.820803
-1.814513
-1.808224
-1.801935
-1.795645
-1.789356
-1.783066
-1.776777
-1.770487
-1.764198
-1.757908
-1.751619
-1.745329
-1.739040
-1.732750
-1.726461
-1.720171
-1.713882
-1.707592
-1.701303
-1.695013
-1.688724
-1.682435
-1.676145
-1.669856
-1.663566
-1.657277
-1.650987
-1.644698
-1.638408
-1.632119
-1.625829
-1.619540
-1.613250
-1.606961
-1.600671
-1.594382
-1.588092
-1.581803
-1.575513
-1.569224
-1.562934
-1.556645
-1.550356
-1.544066
-1.537777
-1.531487
-1.525198
-1.518908
-1.512619
-1.506329
-1.500040
-1.493750
-1.487461
-1.481171
-1.474882
-1.468592
-1.462303
-1.456013
-1.449724
-1.443434
-1.437145
-1.430856
-1.424566
-1.418277
-1.411987
-1.405698
-1.399408
-1.393119
-1.386829
-1.380540
-1.374250
-1.367961
-1.361671
-1.355382
-1.349092
-1.342803
-1.336513
-1.330224
-1.323934
-1.317645
-1.311355
-1.305066
-1.298777
-1.292487
-1.286198
-1.279908
-1.273619
-1.267329
-1.261040
-1.254750
-1.248461
-1.242171
-1.235882
-1.229592
-1.223303
-1.217013
-1.210724
-1.204434
-1.198145
-1.191855
-1.185566
-1.179277
-1.172987
-1.166698
-1.160408
-1.154119
-1.147829
-1.141540
-1.135250
-1.128961
-1.122671
-1.116382
-1.110092
-1.103803
-1.097513
-1.091224
-1.084934
-1.078645
-1.072355
-1.066066
-1.059777
-1.053487
-1.047198
-1.040908
-1.034619
-1.028329
-1.022040
-1.015750
-1.009461
-1.003171
-0.996882
-0.990592
-0.984303
-0.978013
-0.971724
-0.965434
-0.959145
-0.952855
-0.946566
-0.940276
-0.933987
-0.927698
-0.921408
-0.915119
-0.908829
-0.902540
-0.896250
-0.889961
-0.883671
-0.877382
-0.871092
-0.864803
-0.858513
-0.852224
-0.845934
-0.839645
-0.833355
-0.827066
-0.820776
-0.814487
-0.808198
-0.801908
-0.795619
-0.789329
-0.783040
-0.776750
-0.770461
-0.764171
-0.757882
-0.751592
-0.745303
-0.739013
-0.732724
-0.726434
-0.720145
-0.713855
-0.707566
-0.701276
-0.694987
-0.688697
-0.682408
-0.676119
-0.669829
-0.663540
-0.657250
-0.650961
-0.644671
-0.638382
-0.632092
-0.625803
-0.619513
-0.613224
-0.606934
-0.600645
-0.594355
-0.588066
-0.581776
-0.575487
-0.569197
-0.562908
-0.556619
-0.550329
-0.544040
-0.537750
-0.531461
-0.525171
-0.518882
-0.512592
-0.506303
-0.500013
-0.493724
-0.487434
-0.481145
-0.474855
-0.468566
-0.462276
-0.455987
-0.449697
-0.443408
-0.437118
-0.430829
-0.424540
-0.418250
-0.411961
-0.405671
-0.399382
-0.393092
-0.386803
-0.380513
-0.374224
-0.367934
-0.361645
-0.355355
-0.349066
-0.342776
-0.336487
-0.330197
-0.323908
-0.317618
-0.311329
-0.305040
-0.298750
-0.292461
-0.286171
-0.279882
-0.273592
-0.267303
-0.261013
-0.254724
-0.248434
-0.242145
-0.235855
-0.229566
-0.223276
-0.216987
-0.210697
-0.204408
-0.198118
-0.191829
-0.185540
-0.179250
-0.172961
-0.166671
-0.160382
-0.154092
-0.147803
-0.141513
-0.135224
-0.128934
-0.122645
-0.116355
-0.110066
-0.103776
-0.097487
-0.091197
-0.084908
-0.078618
-0.072329
-0.066039
-0.059750
-0.053461
-0.047171
-0.040882
-0.034592
-0.028303
-0.022013
-0.015724
-0.009434
-0.003145
0.003145
0.009434
0.015724
0.022013
0.028303
0.034592
0.040882
0.047171
0.053461
0.059750
0.066039
0.072329
0.078618
0.084908
0.091197
0.097487
0.103776
0.110066
0.116355
0.122645
0.128934
0.135224
0.141513
0.147803
0.154092
0.160382
0.166671
0.172961
0.179250
0.185540
0.191829
0.198118
0.204408
0.210697
0.216987
0.223276
0.229566
0.235855
0.242145
0.248434
0.254724
0.261013
0.267303
0.273592
0.279882
0.286171
0.292461
0.298750
0.305040
0.311329
0.317618
0.323908
0.330197
0.336487
0.342776
0.349066
0.355355
0.361645
0.367934
0.374224
0.380513
0.386803
0.393092
0.399382
0.405671
0.411961
0.418250
0.424540
0.430829
0.437118
0.443408
0.449697
0.455987
0.462276
0.468566
0.474855
0.481145
0.487434
0.493724
0.500013
0.506303
0.512592
0.518882
0.525171
0.531461
0.537750
0.544040
0.550329
0.556619
0.562908
0.569197
0.575487
0.581776
0.588066
0.594355
0.600645
0.606934
0.613224
0.619513
0.625803
0.632092
0.638382
0.644671
0.650961
0.657250
0.663540
0.669829
0.676119
0.682408
0.688697
0.694987
0.701276
0.707566
0.713855
0.720145
0.726434
0.732724
0.739013
0.745303
0.751592
0.757882
0.764171
0.770461
0.776750
0.783040
0.789329
0.795619
0.801908
0.808198
0.814487
0.820776
0.827066
0.833355
0.839645
0.845934
0.852224
0.858513
0.864803
0.871092
0.877382
0.883671
0.889961
0.896250
0.902540
0.908829
0.915119
0.921408
0.927698
0.933987
0.940276
0.946566
0.952855
0.959145
0.965434
0.971724
0.978013
0.984303
0.990592
0.996882
1.003171
1.009461
1.015750
1.022040
1.028329
1.034619
1.040908
1.047198
1.053487
1.059777
1.066066
1.072355
1.078645
1.084934
1.091224
1.097513
1.103803
1.110092
1.116382
1.122671
1.128961
1.135250
1.141540
1.147829
1.154119
1.160408
1.166698
1.172987
1.179277
1.185566
1.191855
1.198145
1.204434
1.210724
1.217013
1.223303
1.229592
1.235882
1.242171
1.248461
1.254750
1.261040
1.267329
1.273619
1.279908
1.286198
1.292487
1.298777
1.305066
1.311355
1.317645
1.323934
1.330224
1.336513
1.342803
1.349092
1.355382
1.361671
1.367961
1.374250
1.380540
1.386829
1.393119
1.399408
1.405698
1.411987
1.418277
1.424566
1.430856
1.437145
1.443434
1.449724
1.456013
1.462303
1.468592
1.474882
1.481171
1.487461
1.493750
1.500040
1.506329
1.512619
1.518908
1.525198
1.531487
1.537777
1.544066
1.550356
1.556645
1.562934
1.569224
1.575513
1.581803
1.588092
1.594382
1.600671
1.606961
1.613250
1.619540
1.625829
1.632119
1.638408
1.644698
1.650987
1.657277
1.663566
1.669856
1.676145
1.682435
1.688724
1.695013
1.701303
1.707592
1.713882
1.720171
1.726461
1.732750
1.739040
1.745329
1.751619
1.757908
1.764198
1.770487
1.776777
1.783066
1.789356
1.795645
1.801935
1.808224
1.814513
1.820803
1.827092
1.833382
1.839671
1.845961
1.852250
1.858540
1.864829
1.871119
1.877408
1.883698
1.889987
1.896277
1.902566
1.908856
1.915145
1.921435
1.927724
1.934013
1.940303
1.946592
1.952882
1.959171
1.965461
1.971750
1.978040
1.984329
1.990619
1.996908
2.003198
2.009487
2.015777
2.022066
2.028356
2.034645
2.040935
2.047224
2.053514
2.059803
2.066092
2.072382
2.078671
2.084961
2.091250
2.097540
2.103829
2.110119
2.116408
2.122698
2.128987
2.135277
2.141566
2.147856
2.154145
2.160435
2.166724
2.173014
2.179303
2.185592
2.191882
2.198171
2.204461
2.210750
2.217040
2.223329
2.229619
2.235908
2.242198
2.248487
2.254777
2.261066
2.267356
2.273645
2.279935
2.286224
2.292514
2.298803
2.305093
2.311382
2.317671
2.323961
2.330250
2.336540
2.342829
2.349119
2.355408
2.361698
2.367987
2.374277
2.380566
2.386856
2.393145
2.399435
2.405724
2.412014
2.418303
2.424593
2.430882
2.437171
2.443461
2.449750
2.456040
2.462329
2.468619
2.474908
2.481198
2.487487
2.493777
2.500066
2.506356
2.512645
2.518935
2.525224
2.531514
2.537803
2.544093
2.550382
2.556671
2.562961
2.569250
2.575540
2.581829
2.588119
2.594408
2.600698
2.606987
2.613277
2.619566
2.625856
2.632145
2.638435
2.644724
2.651014
2.657303
2.663593
2.669882
2.676172
2.682461
2.688750
2.695040
2.701329
2.707619
2.713908
2.720198
2.726487
2.732777
2.739066
2.745356
2.751645
2.757935
2.764224
2.770514
2.776803
2.783093
2.789382
2.795672
2.801961
2.808250
2.814540
2.820829
2.827119
2.833408
2.839698
2.845987
2.852277
2.858566
2.864856
2.871145
2.877435
2.883724
2.890014
2.896303
2.902593
2.908882
2.915172
2.921461
2.927751
2.934040
2.940329
2.946619
2.952908
2.959198
2.965487
2.971777
2.978066
2.984356
2.990645
2.996935
3.003224
3.009514
3.015803
3.022093
3.028382
3.034672
3.040961
3.047251
3.053540
3.059829
3.066119
3.072408
3.078698
3.084987
3.091277
3.097566
3.103856
3.110145
3.116435
3.122724
3.129014
3.135303
3.141593